Time,Xp,Yp,Depth,X-Windv,Y-Windv,Hsig,Period,PkDir,Dspr,Dir,RTpeak,Tm01,RTm01,RTpeak
20210715,121.778,31.9969,5.9072,-0.8581,7.5883,0.01806,1.6134,95,31.5042,96.445,1.9414,1.6134,1.6134,1.9414
20210715.01,121.778,31.9969,5.9072,-1.4415,7.2836,0.03879,1.0738,125,26.7037,114.698,1.9414,1.0738,1.0738,1.9414
20210715.02,121.778,31.9969,5.9072,-2.3733,7.2054,0.06078,1.0737,145,25.3688,124.396,1.4609,1.0737,1.0737,1.4609
20210715.03,121.778,31.9969,5.9072,-2.9099,7.6233,0.0859,1.1382,145,24.7884,130.167,1.6062,1.1382,1.1382,1.6062
20210715.04,121.778,31.9969,5.9072,-2.8085,7.9405,0.11198,1.1988,145,24.6739,134.321,1.7658,1.1988,1.1988,1.7658
20210715.05,121.778,31.9969,5.9072,-2.9315,7.9798,0.13948,1.2643,145,24.3166,138.093,1.9414,1.2643,1.2643,1.9414
20210715.06,121.778,31.9969,5.9072,-2.9986,7.9383,0.16696,1.3597,145,23.8536,140.937,1.9414,1.3597,1.3597,1.9414
20210715.07,121.778,31.9969,5.9072,-2.831,7.7368,0.19498,1.4722,145,23.0066,143.039,1.9414,1.4722,1.4722,1.9414
20210715.08,121.778,31.9969,5.9072,-2.7634,7.3447,0.22318,1.5982,145,21.7346,144.891,2.1344,1.5982,1.5982,2.1344
20210715.09,121.778,31.9969,5.9072,-3.0848,6.8973,0.25252,1.7183,145,20.5881,146.893,2.3465,1.7183,1.7183,2.3465
20210715.1,121.778,31.9969,5.9072,-2.8241,5.903,0.27364,1.8259,145,19.7949,148.46,2.5798,1.8259,1.8259,2.5798
20210715.11,121.778,31.9969,5.9072,-3.6711,6.5874,0.30273,1.9153,145,19.1025,149.053,2.5798,1.9153,1.9153,2.5798
20210715.12,121.778,31.9969,5.9072,-4.3003,7.2735,0.34239,2.0027,145,18.7082,149.504,2.8363,2.0027,2.0027,2.8363
20210715.13,121.778,31.9969,5.9072,-5.1232,7.607,0.38754,2.0976,145,18.6221,150.273,2.8363,2.0976,2.0976,2.8363
20210715.14,121.778,31.9969,5.9072,-4.7718,7.8142,0.4244,2.2204,155,18.6831,150.787,2.8363,2.2204,2.2204,2.8363
20210715.15,121.778,31.9969,5.9072,-4.1965,7.7471,0.44822,2.346,155,18.6964,151.266,3.1182,2.346,2.346,3.1182
20210715.16,121.778,31.9969,5.9072,-3.404,7.8363,0.46052,2.4556,155,18.5389,151.432,3.1182,2.4555,2.4555,3.1182
20210715.17,121.778,31.9969,5.9072,-3.0453,7.7215,0.4682,2.5484,155,18.3198,151.519,3.769,2.5484,2.5484,3.769
20210715.18,121.778,31.9969,5.9072,-2.9029,7.4434,0.47372,2.6226,155,18.1299,151.701,3.769,2.6226,2.6226,3.769
20210715.19,121.778,31.9969,5.9072,-3.1182,7.5125,0.48407,2.6549,145,18.0914,151.753,3.769,2.6549,2.6549,3.769
20210715.2,121.778,31.9969,5.9072,-3.1384,7.6835,0.49462,2.6779,145,18.1698,151.729,4.1436,2.6779,2.6779,4.1436
20210715.21,121.778,31.9969,5.9072,-3.0226,7.433,0.49765,2.7072,145,18.3885,151.808,4.1436,2.7072,2.7072,4.1436
20210715.22,121.778,31.9969,5.9072,-2.5223,6.5963,0.4835,2.7481,145,18.6189,152.107,3.769,2.7481,2.7481,3.769
20210715.23,121.778,31.9969,5.9072,-3.4718,6.1948,0.4733,2.7113,145,18.5746,152.003,3.769,2.7113,2.7113,3.769
20210716,121.778,31.9969,5.9072,-3.9178,6.0593,0.4686,2.6478,145,18.2667,151.715,3.769,2.6478,2.6478,3.769
20210716.01,121.778,31.9969,5.9072,-4.2118,6.3887,0.46886,2.5809,145,18.0921,151.361,3.769,2.5809,2.5809,3.769
20210716.02,121.778,31.9969,5.9072,-4.2005,6.4643,0.4686,2.5503,145,18.0306,151.115,3.769,2.5503,2.5503,3.769
20210716.03,121.778,31.9969,5.9072,-4.2976,6.2359,0.46442,2.5374,145,17.9271,151.005,3.4282,2.5374,2.5374,3.4282
20210716.04,121.778,31.9969,5.9072,-4.5136,5.9874,0.46283,2.5263,145,17.7661,150.979,3.4282,2.5263,2.5263,3.4282
20210716.05,121.778,31.9969,5.9072,-4.4762,5.9761,0.46258,2.5269,145,17.5983,151.062,3.4282,2.5269,2.5269,3.4282
20210716.06,121.778,31.9969,5.9072,-4.8188,5.6402,0.46387,2.5288,145,17.5403,151.322,3.4282,2.5288,2.5288,3.4282
20210716.07,121.778,31.9969,5.9072,-5.1906,5.5539,0.47164,2.5306,145,17.4668,151.67,3.4282,2.5306,2.5306,3.4282
20210716.08,121.778,31.9969,5.9072,-5.2389,5.7111,0.4791,2.5447,145,17.5611,152.087,3.4282,2.5447,2.5447,3.4282
20210716.09,121.778,31.9969,5.9072,-4.8553,5.714,0.4821,2.5753,145,17.6983,152.557,3.4282,2.5753,2.5753,3.4282
20210716.1,121.778,31.9969,5.9072,-3.3799,6.4017,0.46754,2.6177,145,18.075,152.816,3.4282,2.6177,2.6177,3.4282
20210716.11,121.778,31.9969,5.9072,-3.0376,5.3757,0.4432,2.6541,145,18.269,153.298,3.4282,2.6541,2.6541,3.4282
20210716.12,121.778,31.9969,5.9072,-3.4316,5.0365,0.4255,2.6283,145,18.3359,153.7,3.4282,2.6283,2.6283,3.4282
20210716.13,121.778,31.9969,5.9072,-4.2238,5.0116,0.42229,2.5492,145,18.3225,153.988,3.4282,2.5492,2.5492,3.4282
20210716.14,121.778,31.9969,5.9072,-4.4178,4.9516,0.42387,2.4899,145,18.4634,154.538,3.4282,2.4899,2.4899,3.4282
20210716.15,121.778,31.9969,5.9072,-4.5885,5.2443,0.42722,2.4496,145,18.8022,154.881,3.4282,2.4496,2.4496,3.4282
20210716.16,121.778,31.9969,5.9072,-5.0062,5.5009,0.4356,2.4319,155,18.8861,155.143,3.4282,2.4319,2.4319,3.4282
20210716.17,121.778,31.9969,5.9072,-5.5298,5.8842,0.45349,2.4347,155,18.8883,155.247,3.4282,2.4347,2.4347,3.4282
20210716.18,121.778,31.9969,5.9072,-5.7328,6.3593,0.47844,2.4621,155,18.9025,155.443,3.4282,2.4621,2.4621,3.4282
20210716.19,121.778,31.9969,5.9072,-5.7228,6.7247,0.49974,2.5253,155,19.0416,155.703,3.4282,2.5253,2.5253,3.4282
20210716.2,121.778,31.9969,5.9072,-5.1023,6.7426,0.51177,2.5963,155,19.194,156.192,3.4282,2.5963,2.5963,3.4282
20210716.21,121.778,31.9969,5.9072,-4.0436,6.6319,0.50467,2.679,155,19.4467,156.654,3.4282,2.679,2.679,3.4282
20210716.22,121.778,31.9969,5.9072,-3.1949,6.0325,0.48665,2.7455,155,19.6645,157.364,3.4282,2.7455,2.7455,3.4282
20210716.23,121.778,31.9969,5.9072,-2.9132,5.4876,0.46746,2.7949,155,19.8555,158.096,3.4282,2.7948,2.7948,3.4282
20210717,121.778,31.9969,5.9072,-3.4371,5.2608,0.45924,2.793,155,19.9221,158.603,3.4282,2.793,2.793,3.4282
20210717.01,121.778,31.9969,5.9072,-4.2485,5.0101,0.46086,2.7489,145,19.9652,158.87,3.4282,2.7489,2.7489,3.4282
20210717.02,121.778,31.9969,5.9072,-4.7891,4.9936,0.46942,2.6902,155,20.0352,159.089,4.1436,2.6902,2.6902,4.1436
20210717.03,121.778,31.9969,5.9072,-4.7963,4.8188,0.47186,2.6572,155,20.2394,159.337,4.1436,2.6572,2.6572,4.1436
20210717.04,121.778,31.9969,5.9072,-5.4884,4.4755,0.47319,2.6214,155,20.201,159.495,3.4282,2.6214,2.6214,3.4282
20210717.05,121.778,31.9969,5.9072,-6.1643,4.3894,0.48088,2.5779,155,20.0612,159.508,3.4282,2.5779,2.5779,3.4282
20210717.06,121.778,31.9969,5.9072,-6.3249,4.6149,0.49154,2.5663,155,19.8558,159.576,3.4282,2.5663,2.5663,3.4282
20210717.07,121.778,31.9969,5.9072,-5.2803,4.8321,0.48744,2.6024,155,19.9179,159.75,3.4282,2.6024,2.6024,3.4282
20210717.08,121.778,31.9969,5.9072,-4.8585,4.612,0.47276,2.6454,165,19.8738,160.07,3.4282,2.6454,2.6454,3.4282
20210717.09,121.778,31.9969,5.9072,-4.6368,4.4759,0.45672,2.6487,165,20.0094,160.353,3.4282,2.6487,2.6487,3.4282
20210717.1,121.778,31.9969,5.9072,-4.5405,3.3025,0.43646,2.6472,165,20.0697,161.339,3.4282,2.6472,2.6472,3.4282
20210717.11,121.778,31.9969,5.9072,-4.7524,3.0049,0.41981,2.6104,165,20.2515,162.32,3.4282,2.6104,2.6104,3.4282
20210717.12,121.778,31.9969,5.9072,-5.0885,2.9817,0.41177,2.5377,165,20.3794,162.766,3.4282,2.5377,2.5377,3.4282
20210717.13,121.778,31.9969,5.9072,-5.474,3.0386,0.4112,2.4542,165,20.569,162.919,3.4282,2.4542,2.4542,3.4282
20210717.14,121.778,31.9969,5.9072,-5.7061,2.9606,0.41444,2.4057,175,20.6533,163.16,3.4282,2.4057,2.4057,3.4282
20210717.15,121.778,31.9969,5.9072,-5.5071,3.1841,0.41468,2.3986,175,20.7575,163.356,3.4282,2.3986,2.3986,3.4282
20210717.16,121.778,31.9969,5.9072,-5.1887,3.3649,0.41153,2.4214,175,20.6567,163.51,3.1182,2.4214,2.4214,3.1182
20210717.17,121.778,31.9969,5.9072,-4.8823,3.5597,0.40504,2.4345,175,20.7513,163.659,3.1182,2.4345,2.4345,3.1182
20210717.18,121.778,31.9969,5.9072,-4.1808,3.7457,0.39381,2.455,175,20.8704,164.028,3.1182,2.455,2.455,3.1182
20210717.19,121.778,31.9969,5.9072,-3.688,3.5832,0.37626,2.4724,175,21.2997,164.689,3.1182,2.4724,2.4724,3.1182
20210717.2,121.778,31.9969,5.9072,-3.7196,3.3133,0.36122,2.4605,175,21.5067,165.312,3.1182,2.4605,2.4605,3.1182
20210717.21,121.778,31.9969,5.9072,-3.6144,3.0765,0.34743,2.4355,175,21.6477,165.878,3.1182,2.4355,2.4355,3.1182
20210717.22,121.778,31.9969,5.9072,-3.0399,2.596,0.32875,2.4332,175,21.67,166.737,3.1182,2.4332,2.4332,3.1182
20210717.23,121.778,31.9969,5.9072,-3.7712,2.0535,0.31408,2.3616,175,21.4925,167.154,3.1182,2.3616,2.3616,3.1182
20210718,121.778,31.9969,5.9072,-4.2165,1.8853,0.30598,2.239,175,21.3307,167.095,3.1182,2.239,2.239,3.1182
20210718.01,121.778,31.9969,5.9072,-3.9908,2.0261,0.29825,2.1399,175,21.4408,167.001,3.1182,2.1399,2.1399,3.1182
20210718.02,121.778,31.9969,5.9072,-3.8075,1.9205,0.28589,2.0786,175,21.6313,167.301,3.1182,2.0786,2.0786,3.1182
20210718.03,121.778,31.9969,5.9072,-3.7116,1.6439,0.27012,2.0158,175,21.8357,167.442,3.1182,2.0158,2.0158,3.1182
20210718.04,121.778,31.9969,5.9072,-3.7482,1.2563,0.25528,1.9524,175,21.9267,168.072,2.8363,1.9524,1.9524,2.8363
20210718.05,121.778,31.9969,5.9072,-3.8524,1.0061,0.24289,1.895,175,22.0043,169.023,2.8363,1.895,1.895,2.8363
20210718.06,121.778,31.9969,5.9072,-4.3728,0.9359,0.23962,1.8272,175,22.2546,169.719,2.8363,1.8272,1.8272,2.8363
20210718.07,121.778,31.9969,5.9072,-5.1248,0.8841,0.24902,1.7743,175,22.6337,170.149,2.5798,1.7743,1.7743,2.5798
20210718.08,121.778,31.9969,5.9072,-5.8097,0.8229,0.2658,1.7793,175,23.0202,170.62,2.3465,1.7793,1.7793,2.3465
20210718.09,121.778,31.9969,5.9072,-6.1395,1.229,0.28517,1.8286,175,23.2866,170.725,2.3465,1.8286,1.8286,2.3465
20210718.1,121.778,31.9969,5.9072,-5.8282,1.776,0.29928,1.8988,175,23.3517,170.543,2.3465,1.8988,1.8988,2.3465
20210718.11,121.778,31.9969,5.9072,-5.5875,2.1875,0.31052,1.9777,175,23.2737,170.166,2.5798,1.9777,1.9777,2.5798
20210718.12,121.778,31.9969,5.9072,-4.7497,2.8663,0.31448,2.0494,175,23.192,169.807,2.5798,2.0494,2.0494,2.5798
20210718.13,121.778,31.9969,5.9072,-3.9575,3.3208,0.31125,2.1153,175,23.468,169.23,2.5798,2.1153,2.1153,2.5798
20210718.14,121.778,31.9969,5.9072,-3.2823,3.4029,0.30317,2.1716,155,23.7928,169.153,2.5798,2.1716,2.1716,2.5798
20210718.15,121.778,31.9969,5.9072,-2.9886,3.0402,0.29399,2.2165,155,24.245,169.306,2.5798,2.2165,2.2165,2.5798
20210718.16,121.778,31.9969,5.9072,-3.2769,2.5732,0.28783,2.231,155,24.2309,169.533,2.8363,2.231,2.231,2.8363
20210718.17,121.778,31.9969,5.9072,-3.2821,2.5843,0.28246,2.224,155,24.1832,169.303,3.1182,2.224,2.224,3.1182
20210718.18,121.778,31.9969,5.9072,-3.5771,2.4812,0.27959,2.1668,145,23.823,168.689,3.1182,2.1668,2.1668,3.1182
20210718.19,121.778,31.9969,5.9072,-4.1541,2.4646,0.28168,2.0876,155,23.3419,167.634,3.1182,2.0876,2.0876,3.1182
20210718.2,121.778,31.9969,5.9072,-4.4715,2.6583,0.28859,2.0226,175,22.8054,166.324,2.8363,2.0226,2.0226,2.8363
20210718.21,121.778,31.9969,5.9072,-4.3501,2.5941,0.29202,2.0011,175,22.4773,165.633,2.8363,2.0011,2.0011,2.8363
20210718.22,121.778,31.9969,5.9072,-3.4979,2.6731,0.28377,2.0239,175,22.2452,165.583,2.8363,2.0239,2.0239,2.8363
20210718.23,121.778,31.9969,5.9072,-3.9427,2.1304,0.27503,2.0254,175,21.7577,165.837,2.8363,2.0254,2.0254,2.8363
20210719,121.778,31.9969,5.9072,-4.1098,2.0767,0.27367,1.9989,175,21.4776,166.173,2.8363,1.9989,1.9989,2.8363
20210719.01,121.778,31.9969,5.9072,-4.1201,2.0062,0.2745,1.9988,175,21.2917,166.908,2.8363,1.9988,1.9988,2.8363
20210719.02,121.778,31.9969,5.9072,-4.3996,1.9433,0.27866,1.9942,175,21.4555,167.328,2.8363,1.9942,1.9942,2.8363
20210719.03,121.778,31.9969,5.9072,-4.9481,1.7142,0.28849,1.9867,175,21.4566,167.961,2.8363,1.9867,1.9867,2.8363
20210719.04,121.778,31.9969,5.9072,-5.4423,1.6996,0.30584,2.0025,175,21.5397,168.389,2.8363,2.0025,2.0025,2.8363
20210719.05,121.778,31.9969,5.9072,-5.4105,2.214,0.32277,2.0522,175,21.5683,168.541,2.8363,2.0522,2.0522,2.8363
20210719.06,121.778,31.9969,5.9072,-5.2004,2.6599,0.33444,2.1096,175,21.6662,168.364,2.8363,2.1096,2.1096,2.8363
20210719.07,121.778,31.9969,5.9072,-5.0862,3.1734,0.34323,2.1707,175,21.7835,167.928,2.8363,2.1707,2.1707,2.8363
20210719.08,121.778,31.9969,5.9072,-4.8729,3.4528,0.34862,2.2155,175,21.8997,167.57,2.8363,2.2155,2.2155,2.8363
20210719.09,121.778,31.9969,5.9072,-4.5942,3.2872,0.34964,2.2485,175,22.1194,167.446,2.8363,2.2485,2.2485,2.8363
20210719.1,121.778,31.9969,5.9072,-3.8889,2.8957,0.33974,2.2991,175,22.2495,168.03,2.8363,2.2991,2.2991,2.8363
20210719.11,121.778,31.9969,5.9072,-4.4354,2.6673,0.33503,2.2823,175,22.3818,168.053,2.8363,2.2823,2.2823,2.8363
20210719.12,121.778,31.9969,5.9072,-5.3181,3.5158,0.34881,2.2246,175,22.2155,167.067,3.1182,2.2246,2.2246,3.1182
20210719.13,121.778,31.9969,5.9072,-4.9193,3.5952,0.36086,2.2262,175,22.0975,166.474,3.1182,2.2262,2.2262,3.1182
20210719.14,121.778,31.9969,5.9072,-4.7366,3.3798,0.36402,2.254,175,21.9637,166.412,3.1182,2.254,2.254,3.1182
20210719.15,121.778,31.9969,5.9072,-4.6806,3.3345,0.36548,2.2824,175,21.8524,166.402,3.1182,2.2824,2.2824,3.1182
20210719.16,121.778,31.9969,5.9072,-5.0103,3.4283,0.37195,2.2925,175,21.6687,166.313,3.1182,2.2925,2.2925,3.1182
20210719.17,121.778,31.9969,5.9072,-5.0712,3.6259,0.38407,2.3231,175,21.6024,166.373,3.1182,2.3231,2.3231,3.1182
20210719.18,121.778,31.9969,5.9072,-5.2982,3.6598,0.39785,2.3611,175,21.5814,166.577,3.1182,2.3611,2.3611,3.1182
20210719.19,121.778,31.9969,5.9072,-5.3324,3.3123,0.40953,2.4111,175,21.5688,167.105,3.1182,2.4111,2.4111,3.1182
20210719.2,121.778,31.9969,5.9072,-5.625,3.0282,0.42226,2.4518,175,21.6059,167.62,3.1182,2.4518,2.4518,3.1182
20210719.21,121.778,31.9969,5.9072,-6.1373,2.7177,0.43903,2.487,175,21.5143,168.21,3.4282,2.487,2.487,3.4282
20210719.22,121.778,31.9969,5.9072,-5.8622,1.8593,0.44976,2.5466,175,21.3711,169.371,3.4282,2.5466,2.5466,3.4282
20210719.23,121.778,31.9969,5.9072,-6.6742,2.0943,0.46709,2.5799,175,21.3303,169.991,3.4282,2.5799,2.5799,3.4282
20210720,121.778,31.9969,5.9072,-6.6646,2.7179,0.48928,2.6217,175,21.2974,170.396,3.4282,2.6217,2.6217,3.4282
20210720.01,121.778,31.9969,5.9072,-6.4726,3.1306,0.50692,2.6899,175,21.3483,170.703,3.4282,2.6899,2.6899,3.4282
20210720.02,121.778,31.9969,5.9072,-6.4424,3.1235,0.51869,2.7597,175,21.4439,171.055,3.4282,2.7597,2.7597,3.4282
20210720.03,121.778,31.9969,5.9072,-6.2852,2.7126,0.52395,2.8252,175,21.5236,171.564,3.4282,2.8252,2.8252,3.4282
20210720.04,121.778,31.9969,5.9072,-6.3818,2.4822,0.52872,2.8678,175,21.58,171.929,3.769,2.8678,2.8678,3.769
20210720.05,121.778,31.9969,5.9072,-6.7821,2.4423,0.5374,2.8786,175,21.621,172.018,3.769,2.8786,2.8786,3.769
20210720.06,121.778,31.9969,5.9072,-7.1447,2.3061,0.55073,2.8764,175,21.5702,172.085,3.769,2.8764,2.8764,3.769
20210720.07,121.778,31.9969,5.9072,-7.2077,2.1206,0.56334,2.8946,175,21.4777,172.33,3.769,2.8946,2.8946,3.769
20210720.08,121.778,31.9969,5.9072,-7.1468,2.056,0.57175,2.9195,175,21.4099,172.617,3.769,2.9195,2.9195,3.769
20210720.09,121.778,31.9969,5.9072,-6.9854,1.9773,0.5749,2.9565,175,21.3118,172.952,3.769,2.9565,2.9565,3.769
20210720.1,121.778,31.9969,5.9072,-6.7913,1.6124,0.57319,2.9911,175,21.2289,173.41,3.769,2.9911,2.9911,3.769
20210720.11,121.778,31.9969,5.9072,-7.3149,1.7794,0.57843,2.9977,175,21.2036,173.555,3.769,2.9977,2.9977,3.769
20210720.12,121.778,31.9969,5.9072,-7.2766,1.9993,0.58854,3.0045,175,21.2386,173.584,3.769,3.0045,3.0045,3.769
20210720.13,121.778,31.9969,5.9072,-7.2806,2.0512,0.59896,3.0357,175,21.2309,173.572,3.769,3.0357,3.0357,3.769
20210720.14,121.778,31.9969,5.9072,-6.9667,2.082,0.60465,3.0821,175,21.2143,173.69,3.769,3.0821,3.0821,3.769
20210720.15,121.778,31.9969,5.9072,-6.8648,1.8889,0.60554,3.1249,175,21.2162,173.855,3.769,3.1249,3.1249,3.769
20210720.16,121.778,31.9969,5.9072,-7.4537,1.9944,0.61277,3.1242,175,21.2736,173.785,3.769,3.1242,3.1242,3.769
20210720.17,121.778,31.9969,5.9072,-7.7689,2.2255,0.62802,3.1087,175,21.347,173.631,3.769,3.1087,3.1087,3.769
20210720.18,121.778,31.9969,5.9072,-7.3492,2.2098,0.63798,3.1408,175,21.3199,173.629,3.769,3.1408,3.1408,3.769
20210720.19,121.778,31.9969,5.9072,-6.4559,1.8124,0.63159,3.2072,175,21.3178,173.945,3.769,3.2072,3.2072,3.769
20210720.2,121.778,31.9969,5.9072,-5.8348,1.1339,0.60933,3.2715,175,21.3459,174.552,3.769,3.2715,3.2715,3.769
20210720.21,121.778,31.9969,5.9072,-5.6197,0.2467,0.58148,3.3043,175,21.4303,175.434,3.769,3.3043,3.3043,3.769
20210720.22,121.778,31.9969,5.9072,-4.9074,-0.2565,0.55386,3.3332,185,21.4705,176.348,4.1436,3.3332,3.3332,4.1436
20210720.23,121.778,31.9969,5.9072,-5.4599,-1.0525,0.5299,3.3018,185,21.6436,177.246,4.1436,3.3018,3.3018,4.1436
20210721,121.778,31.9969,5.9072,-5.9086,-1.409,0.51561,3.18,185,21.8694,178.182,4.1436,3.18,3.18,4.1436
20210721.01,121.778,31.9969,5.9072,-6.1709,-0.9633,0.51032,3.0098,185,22.266,179.086,4.1436,3.0098,3.0098,4.1436
20210721.02,121.778,31.9969,5.9072,-6.1018,-0.9688,0.50658,2.8798,175,22.7421,179.898,3.769,2.8798,2.8798,3.769
20210721.03,121.778,31.9969,5.9072,-5.7799,-1.5067,0.49734,2.8052,175,23.3585,181.108,3.769,2.8052,2.8052,3.769
20210721.04,121.778,31.9969,5.9072,-5.4262,-1.9429,0.48434,2.7717,175,24.0015,182.645,3.769,2.7717,2.7717,3.769
20210721.05,121.778,31.9969,5.9072,-5.2876,-2.2985,0.47033,2.7393,175,24.7689,184.338,3.4282,2.7393,2.7393,3.4282
20210721.06,121.778,31.9969,5.9072,-4.982,-2.8463,0.45936,2.7046,175,25.7805,186.399,3.4282,2.7046,2.7046,3.4282
20210721.07,121.778,31.9969,5.9072,-4.6755,-3.3133,0.45004,2.6707,175,26.9498,188.689,3.4282,2.6707,2.6707,3.4282
20210721.08,121.778,31.9969,5.9072,-4.5403,-3.6978,0.4455,2.6318,185,28.3023,191.395,3.4282,2.6318,2.6318,3.4282
20210721.09,121.778,31.9969,5.9072,-4.7847,-3.9288,0.44766,2.5951,185,29.324,194.156,3.4282,2.5951,2.5951,3.4282
20210721.1,121.778,31.9969,5.9072,-4.5254,-2.9067,0.45351,2.6347,185,29.6113,195.792,3.1182,2.6347,2.6347,3.1182
20210721.11,121.778,31.9969,5.9072,-5.6828,-2.7372,0.46934,2.6528,185,29.3817,196.051,3.1182,2.6528,2.6528,3.1182
20210721.12,121.778,31.9969,5.9072,-6.3569,-1.9781,0.49606,2.6912,185,28.7865,195.142,3.1182,2.6912,2.6912,3.1182
20210721.13,121.778,31.9969,5.9072,-6.703,-1.4405,0.52592,2.7465,185,28.1761,193.719,3.1182,2.7465,2.7465,3.1182
20210721.14,121.778,31.9969,5.9072,-7.0265,-1.167,0.55354,2.8182,185,27.5048,191.77,3.1182,2.8182,2.8182,3.1182
20210721.15,121.778,31.9969,5.9072,-6.9729,-1.1655,0.57929,2.8939,185,27.0392,190.203,3.1182,2.8939,2.8939,3.1182
20210721.16,121.778,31.9969,5.9072,-6.8308,-1.2457,0.59639,2.9813,185,26.6345,188.692,3.1182,2.9813,2.9813,3.1182
20210721.17,121.778,31.9969,5.9072,-6.9736,-1.1111,0.61189,3.0594,185,26.2917,187.375,3.4282,3.0594,3.0594,3.4282
20210721.18,121.778,31.9969,5.9072,-7.1698,-0.9772,0.62817,3.1187,185,25.9678,186.11,3.4282,3.1187,3.1187,3.4282
20210721.19,121.778,31.9969,5.9072,-7.0728,-1.132,0.64386,3.1817,185,25.6328,185.18,3.4282,3.1817,3.1817,3.4282
20210721.2,121.778,31.9969,5.9072,-6.9495,-1.4679,0.65436,3.2422,185,25.3572,184.678,3.4282,3.2422,3.2422,3.4282
20210721.21,121.778,31.9969,5.9072,-6.9061,-1.8951,0.66065,3.2935,185,25.2551,184.642,3.769,3.2936,3.2936,3.769
20210721.22,121.778,31.9969,5.9072,-6.5267,-2.2361,0.66494,3.3399,185,25.1644,184.919,3.769,3.3399,3.3399,3.769
20210721.23,121.778,31.9969,5.9072,-7.0789,-2.2764,0.67011,3.3485,185,25.2836,185.269,3.769,3.3485,3.3485,3.769
20210722,121.778,31.9969,5.9072,-7.7992,-2.0087,0.68563,3.3185,185,25.3089,185.431,3.769,3.3185,3.3185,3.769
20210722.01,121.778,31.9969,5.9072,-7.7209,-1.9124,0.70505,3.3244,185,25.3071,185.462,3.769,3.3244,3.3244,3.769
20210722.02,121.778,31.9969,5.9072,-7.509,-2.2763,0.71832,3.3625,185,25.2645,185.632,3.769,3.3625,3.3625,3.769
20210722.03,121.778,31.9969,5.9072,-7.8549,-2.0851,0.73241,3.3913,185,25.2489,185.786,3.769,3.3913,3.3913,3.769
20210722.04,121.778,31.9969,5.9072,-7.8722,-1.7137,0.74439,3.4243,185,25.2884,185.635,3.769,3.4243,3.4243,3.769
20210722.05,121.778,31.9969,5.9072,-7.3142,-1.7459,0.75011,3.4761,185,25.3553,185.706,3.769,3.4761,3.4761,3.769
20210722.06,121.778,31.9969,5.9072,-7.1065,-1.7216,0.74325,3.5251,185,25.4925,185.765,3.769,3.5251,3.5251,3.769
20210722.07,121.778,31.9969,5.9072,-7.0658,-1.6958,0.73526,3.5411,185,25.6296,186.032,3.769,3.5411,3.5411,3.769
20210722.08,121.778,31.9969,5.9072,-7.2072,-1.6281,0.72705,3.5328,185,25.7835,186.188,3.769,3.5328,3.5328,3.769
20210722.09,121.778,31.9969,5.9072,-7.2483,-1.7482,0.724,3.5079,185,25.8123,186.424,3.769,3.5079,3.5079,3.769
20210722.1,121.778,31.9969,5.9072,-7.6335,-1.5201,0.72487,3.4738,185,25.8359,186.33,3.769,3.4738,3.4738,3.769
20210722.11,121.778,31.9969,5.9072,-7.5511,-0.8091,0.73212,3.4569,185,25.6912,185.981,3.769,3.4569,3.4569,3.769
20210722.12,121.778,31.9969,5.9072,-7.1521,-0.8364,0.73341,3.482,185,25.5622,185.494,3.769,3.482,3.482,3.769
20210722.13,121.778,31.9969,5.9072,-7.4761,-0.7077,0.73633,3.4932,185,25.2921,184.936,3.769,3.4932,3.4932,3.769
20210722.14,121.778,31.9969,5.9072,-7.2946,-0.8383,0.73827,3.5198,185,25.0875,184.379,3.769,3.5198,3.5198,3.769
20210722.15,121.778,31.9969,5.9072,-7.3652,-0.8898,0.74182,3.5398,185,24.8358,183.866,3.769,3.5398,3.5398,3.769
20210722.16,121.778,31.9969,5.9072,-7.4971,-1.0149,0.74516,3.5558,185,24.6889,183.543,3.769,3.5558,3.5558,3.769
20210722.17,121.778,31.9969,5.9072,-7.5277,-1.2474,0.75005,3.5608,185,24.5879,183.421,3.769,3.5608,3.5608,3.769
20210722.18,121.778,31.9969,5.9072,-7.5279,-1.6328,0.75364,3.5727,185,24.5432,183.526,3.769,3.5727,3.5727,3.769
20210722.19,121.778,31.9969,5.9072,-7.634,-1.966,0.75894,3.5751,185,24.489,183.785,3.769,3.5751,3.5751,3.769
20210722.2,121.778,31.9969,5.9072,-7.9157,-2.1195,0.76793,3.5672,185,24.5578,184.077,4.1436,3.5672,3.5672,4.1436
20210722.21,121.778,31.9969,5.9072,-7.8227,-2.4801,0.77837,3.5758,185,24.6169,184.459,4.1436,3.5758,3.5758,4.1436
20210722.22,121.778,31.9969,5.9072,-7.4762,-2.4488,0.78525,3.6011,185,24.7686,184.922,4.1436,3.6011,3.6011,4.1436
20210722.23,121.778,31.9969,5.9072,-8.164,-2.7543,0.79412,3.604,185,24.9133,185.227,4.1436,3.604,3.604,4.1436
20210723,121.778,31.9969,5.9072,-8.7873,-2.9133,0.81715,3.5838,185,25.0482,185.473,4.1436,3.5838,3.5838,4.1436
20210723.01,121.778,31.9969,5.9072,-8.3514,-3.4908,0.83911,3.6132,185,25.2513,185.853,4.1436,3.6132,3.6132,4.1436
20210723.02,121.778,31.9969,5.9072,-7.8077,-3.7022,0.84897,3.6648,185,25.6001,186.563,4.1436,3.6648,3.6648,4.1436
20210723.03,121.778,31.9969,5.9072,-8.1142,-3.3693,0.85378,3.7001,185,25.8723,187.134,4.1436,3.7001,3.7001,4.1436
20210723.04,121.778,31.9969,5.9072,-7.9065,-3.1406,0.85792,3.7284,185,26.1178,187.607,4.1436,3.7284,3.7284,4.1436
20210723.05,121.778,31.9969,5.9072,-7.416,-3.3252,0.85228,3.7651,185,26.3696,188.098,4.1436,3.7651,3.7651,4.1436
20210723.06,121.778,31.9969,5.9072,-7.7486,-3.2145,0.84384,3.7624,185,26.6943,188.847,4.1436,3.7624,3.7624,4.1436
20210723.07,121.778,31.9969,5.9072,-7.6948,-3.1104,0.83696,3.7516,185,26.8798,189.366,4.1436,3.7516,3.7516,4.1436
20210723.08,121.778,31.9969,5.9072,-7.2544,-2.9582,0.82771,3.7424,185,27.0687,189.954,4.1436,3.7424,3.7424,4.1436
20210723.09,121.778,31.9969,5.9072,-6.7669,-3.1456,0.81111,3.7487,185,27.2479,190.532,4.1436,3.7487,3.7487,4.1436
20210723.1,121.778,31.9969,5.9072,-6.8077,-2.6427,0.79294,3.7326,185,27.4398,191.064,4.1436,3.7326,3.7326,4.1436
20210723.11,121.778,31.9969,5.9072,-7.1803,-3.1706,0.78089,3.6965,185,27.5171,191.339,4.1436,3.6965,3.6965,4.1436
20210723.12,121.778,31.9969,5.9072,-7.191,-3.414,0.77919,3.6451,185,27.564,191.679,4.1436,3.6451,3.6451,4.1436
20210723.13,121.778,31.9969,5.9072,-7.1725,-3.5993,0.77811,3.6193,185,27.616,191.847,3.769,3.6193,3.6193,3.769
20210723.14,121.778,31.9969,5.9072,-7.7024,-3.463,0.78759,3.5798,185,27.5602,192.017,3.769,3.5798,3.5798,3.769
20210723.15,121.778,31.9969,5.9072,-8.6614,-2.7984,0.80705,3.5534,185,27.3603,191.312,3.769,3.5534,3.5534,3.769
20210723.16,121.778,31.9969,5.9072,-8.5758,-2.7134,0.83336,3.5653,185,27.1068,190.519,3.769,3.5653,3.5653,3.769
20210723.17,121.778,31.9969,5.9072,-8.2043,-3.325,0.84922,3.6217,185,26.9637,189.791,3.769,3.6217,3.6217,3.769
20210723.18,121.778,31.9969,5.9072,-8.0681,-4.019,0.86356,3.665,185,27.0037,189.609,3.769,3.665,3.665,3.769
20210723.19,121.778,31.9969,5.9072,-8.5154,-4.131,0.87846,3.6984,185,27.1543,189.43,4.1436,3.6984,3.6984,4.1436
20210723.2,121.778,31.9969,5.9072,-9.084,-4.5623,0.90541,3.7095,185,27.3026,189.515,4.1436,3.7095,3.7095,4.1436
20210723.21,121.778,31.9969,5.9072,-9.4161,-4.3744,0.9341,3.7373,185,27.3924,189.545,4.1436,3.7373,3.7373,4.1436
20210723.22,121.778,31.9969,5.9072,-9.2101,-3.7556,0.95865,3.7921,185,27.3199,189.545,4.1436,3.7921,3.7921,4.1436
20210723.23,121.778,31.9969,5.9072,-10.1671,-3.3832,0.98553,3.8299,185,27.1641,189.134,4.1436,3.8299,3.8299,4.1436
20210724,121.778,31.9969,5.9072,-9.8851,-3.2535,1.01391,3.8871,185,27.0283,188.711,4.1436,3.8871,3.8871,4.1436
20210724.01,121.778,31.9969,5.9072,-9.9338,-3.063,1.03674,3.9477,185,26.98,188.409,4.1436,3.9477,3.9477,4.1436
20210724.02,121.778,31.9969,5.9072,-10.1043,-2.9575,1.05487,4.0136,185,26.9137,188.063,4.5556,4.0136,4.0136,4.5556
20210724.03,121.778,31.9969,5.9072,-9.5775,-3.0499,1.07026,4.0773,185,26.853,187.992,4.5556,4.0773,4.0773,4.5556
20210724.04,121.778,31.9969,5.9072,-8.7195,-3.6062,1.07167,4.1659,185,26.7756,188.138,4.5556,4.1659,4.1659,4.5556
20210724.05,121.778,31.9969,5.9072,-8.9268,-4.2706,1.07306,4.2147,185,26.738,188.601,4.5556,4.2147,4.2147,4.5556
20210724.06,121.778,31.9969,5.9072,-9.1869,-4.3115,1.07733,4.235,185,26.7575,189.061,4.5556,4.235,4.235,4.5556
20210724.07,121.778,31.9969,5.9072,-9.1851,-4.809,1.081,4.2343,185,26.8281,189.647,4.5556,4.2343,4.2343,4.5556
20210724.08,121.778,31.9969,5.9072,-9.5491,-4.9568,1.08546,4.2113,185,27.037,190.492,4.5556,4.2113,4.2113,4.5556
20210724.09,121.778,31.9969,5.9072,-9.5847,-4.5144,1.09078,4.1971,185,27.1771,191.19,4.5556,4.1971,4.1971,4.5556
20210724.1,121.778,31.9969,5.9072,-8.9346,-4.6995,1.09246,4.2031,185,27.2985,191.771,4.5556,4.2031,4.2031,4.5556
20210724.11,121.778,31.9969,5.9072,-10.1975,-4.8919,1.10389,4.1859,185,27.3365,192.1,4.5556,4.1859,4.1859,4.5556
20210724.12,121.778,31.9969,5.9072,-9.8224,-5.2409,1.12336,4.1934,185,27.3634,192.242,4.5556,4.1934,4.1934,4.5556
20210724.13,121.778,31.9969,5.9072,-9.6609,-5.8579,1.14334,4.2193,185,27.5216,192.559,4.5556,4.2193,4.2193,4.5556
20210724.14,121.778,31.9969,5.9072,-9.3292,-6.2263,1.15783,4.2546,185,27.7194,193.016,4.5556,4.2546,4.2546,4.5556
20210724.15,121.778,31.9969,5.9072,-9.3503,-6.686,1.17106,4.2846,185,28.0414,193.706,4.5556,4.2846,4.2846,4.5556
20210724.16,121.778,31.9969,5.9072,-9.5975,-7.325,1.18887,4.2966,185,28.346,194.579,4.5556,4.2966,4.2966,4.5556
20210724.17,121.778,31.9969,5.9072,-9.7758,-8.0523,1.21149,4.3003,185,28.7825,195.738,4.5556,4.3003,4.3003,4.5556
20210724.18,121.778,31.9969,5.9072,-10.2296,-8.4215,1.23936,4.289,185,29.1263,197.017,5.0084,4.289,4.289,5.0084
20210724.19,121.778,31.9969,5.9072,-10.319,-9.1115,1.26805,4.2848,185,29.5042,198.373,5.0084,4.2848,4.2848,5.0084
20210724.2,121.778,31.9969,5.9072,-10.0526,-9.6447,1.29581,4.2833,195,29.8359,199.783,5.0084,4.2833,4.2833,5.0084
20210724.21,121.778,31.9969,5.9072,-10.7578,-10.7288,1.32569,4.2781,195,30.3677,201.221,5.0084,4.2781,4.2781,5.0084
20210724.22,121.778,31.9969,5.9072,-12.5164,-9.7912,1.36943,4.2901,195,30.379,201.741,5.0084,4.2901,4.2901,5.0084
20210724.23,121.778,31.9969,5.9072,-12.0743,-10.437,1.41377,4.3301,195,30.6392,202.095,5.0084,4.3301,4.3301,5.0084
20210725,121.778,31.9969,5.9072,-12.7629,-9.4831,1.45164,4.3895,195,30.7138,202.079,5.0084,4.3895,4.3895,5.0084
20210725.01,121.778,31.9969,5.9072,-14.3884,-9.48,1.50013,4.4369,185,30.7858,201.722,5.0084,4.4369,4.4369,5.0084
20210725.02,121.778,31.9969,5.9072,-15.226,-8.4077,1.556,4.4994,185,30.7811,201.128,5.0084,4.4994,4.4994,5.0084
20210725.03,121.778,31.9969,5.9072,-15.3053,-7.3059,1.59567,4.5867,185,30.7793,200.259,5.0084,4.5867,4.5867,5.0084
20210725.04,121.778,31.9969,5.9072,-15.6304,-6.6954,1.63103,4.6709,185,30.739,199.483,5.0084,4.6709,4.6709,5.0084
20210725.05,121.778,31.9969,5.9072,-15.4253,-6.3928,1.65969,4.7595,185,30.7003,198.799,5.5063,4.7595,4.7595,5.5063
20210725.06,121.778,31.9969,5.9072,-14.5992,-6.4063,1.67703,4.849,185,30.6884,198.499,5.5063,4.849,4.849,5.5063
20210725.07,121.778,31.9969,5.9072,-14.8696,-6.31,1.69259,4.9307,185,30.5939,198.011,5.5063,4.9307,4.9307,5.5063
20210725.08,121.778,31.9969,5.9072,-15.1401,-6.8952,1.71825,4.9935,185,30.4462,197.707,5.5063,4.9935,4.9935,5.5063
20210725.09,121.778,31.9969,5.9072,-15.256,-7.4369,1.74089,5.0516,195,30.3063,197.464,5.5063,5.0516,5.0516,5.5063
20210725.1,121.778,31.9969,5.9072,-16.3027,-7.0652,1.7664,5.0941,195,30.1254,197.024,5.5063,5.0941,5.0941,5.5063
20210725.11,121.778,31.9969,5.9072,-15.7139,-7.4779,1.78099,5.1525,195,29.9262,196.681,5.5063,5.1525,5.1525,5.5063
20210725.12,121.778,31.9969,5.9072,-16.0732,-7.2966,1.79122,5.2,195,29.7398,196.322,6.0537,5.2,5.2,6.0537
20210725.13,121.778,31.9969,5.9072,-16.9794,-5.4164,1.80475,5.2453,195,29.4896,195.529,6.0537,5.2453,5.2453,6.0537
20210725.14,121.778,31.9969,5.9072,-16.2851,-4.5577,1.80592,5.3102,195,29.2643,194.758,6.0537,5.3102,5.3102,6.0537
20210725.15,121.778,31.9969,5.9072,-15.9012,-3.89,1.80047,5.3754,195,29.0516,194.043,6.0537,5.3754,5.3754,6.0537
20210725.16,121.778,31.9969,5.9072,-15.8816,-2.6938,1.7982,5.4385,195,28.8048,193.22,6.6554,5.4385,5.4385,6.6554
20210725.17,121.778,31.9969,5.9072,-16.5384,-1.6685,1.8054,5.4885,195,28.513,192.222,6.6554,5.4885,5.4885,6.6554
20210725.18,121.778,31.9969,5.9072,-16.6862,-1.0029,1.81455,5.5428,195,28.1887,191.241,6.6554,5.5428,5.5428,6.6554
20210725.19,121.778,31.9969,5.9072,-16.4591,-1.4796,1.8181,5.6043,195,27.8461,190.535,6.6554,5.6043,5.6043,6.6554
20210725.2,121.778,31.9969,5.9072,-15.9654,-1.4953,1.81552,5.6741,195,27.4992,190.032,7.3171,5.6741,5.6741,7.3171
20210725.21,121.778,31.9969,5.9072,-16.1021,-0.8669,1.81456,5.7285,195,27.1646,189.507,7.3171,5.7285,5.7285,7.3171
20210725.22,121.778,31.9969,5.9072,-16.2671,1.3669,1.81638,5.7682,195,26.8869,188.755,7.3171,5.7682,5.7682,7.3171
20210725.23,121.778,31.9969,5.9072,-16.0718,1.0817,1.81477,5.8082,195,26.6023,188.213,7.3171,5.8082,5.8082,7.3171
20210726,121.778,31.9969,5.9072,-16.2729,1.5481,1.81544,5.8307,195,26.3621,187.726,7.3171,5.8307,5.8307,7.3171
20210726.01,121.778,31.9969,5.9072,-16.289,2.3482,1.81627,5.8448,195,26.1697,187.238,7.3171,5.8448,5.8448,7.3171
20210726.02,121.778,31.9969,5.9072,-16.0744,3.3498,1.81398,5.8575,195,26.0319,186.73,7.3171,5.8575,5.8575,7.3171
20210726.03,121.778,31.9969,5.9072,-15.5322,4.7553,1.80735,5.8718,195,25.9545,186.173,8.0444,5.8718,5.8718,8.0444
20210726.04,121.778,31.9969,5.9072,-14.7271,5.2803,1.79493,5.8989,195,25.8681,185.722,8.8441,5.8989,5.8989,8.8441
20210726.05,121.778,31.9969,5.9072,-14.3871,5.8287,1.78543,5.9149,195,25.7863,185.267,8.8441,5.9149,5.9149,8.8441
20210726.06,121.778,31.9969,5.9072,-14.1631,7.1147,1.78177,5.9223,195,25.7392,184.72,8.8441,5.9223,5.9223,8.8441
20210726.07,121.778,31.9969,5.9072,-13.3115,7.5032,1.77332,5.952,195,25.6636,184.324,8.8441,5.952,5.952,8.8441
20210726.08,121.778,31.9969,5.9072,-12.639,6.6811,1.75944,6,195,25.5179,184.186,8.8441,6,6,8.8441
20210726.09,121.778,31.9969,5.9072,-13.0351,6.453,1.75394,6.0242,195,25.3771,184.037,8.8441,6.0242,6.0242,8.8441
20210726.1,121.778,31.9969,5.9072,-14.0313,6.0242,1.76052,6.0119,195,25.2439,183.826,8.8441,6.0119,6.0119,8.8441
20210726.11,121.778,31.9969,5.9072,-14.3283,6.1011,1.76685,5.998,195,25.1578,183.615,8.8441,5.998,5.998,8.8441
20210726.12,121.778,31.9969,5.9072,-13.4214,6.0091,1.75998,5.9989,195,25.1177,183.48,8.8441,5.9988,5.9988,8.8441
20210726.13,121.778,31.9969,5.9072,-12.3802,5.3415,1.74045,6.0215,195,25.0389,183.525,8.0444,6.0215,6.0215,8.0444
20210726.14,121.778,31.9969,5.9072,-12.8038,6.5144,1.73351,5.9917,195,25.0518,183.265,8.0444,5.9917,5.9917,8.0444
20210726.15,121.778,31.9969,5.9072,-12.3263,7.2792,1.72868,5.9788,195,24.9972,183.057,8.0444,5.9788,5.9788,8.0444
20210726.16,121.778,31.9969,5.9072,-12.2797,7.387,1.72235,5.9515,195,25.0099,182.793,8.0444,5.9515,5.9515,8.0444
20210726.17,121.778,31.9969,5.9072,-13.0237,7.4224,1.72195,5.9145,195,25,182.538,8.0444,5.9145,5.9145,8.0444
20210726.18,121.778,31.9969,5.9072,-13.4212,7.9369,1.72752,5.8541,195,25.0476,182.122,8.0444,5.8541,5.8541,8.0444
20210726.19,121.778,31.9969,5.9072,-12.28,8.361,1.71771,5.8451,185,25.0559,181.912,8.0444,5.8451,5.8451,8.0444
20210726.2,121.778,31.9969,5.9072,-11.0923,9.6223,1.70033,5.8286,185,25.1612,181.585,8.0444,5.8286,5.8286,8.0444
20210726.21,121.778,31.9969,5.9072,-10.306,10.393,1.68135,5.8259,185,25.223,181.359,8.0444,5.8259,5.8259,8.0444
20210726.22,121.778,31.9969,5.9072,-7.5018,11.0768,1.65039,5.875,185,25.2612,181.518,8.0444,5.875,5.875,8.0444
20210726.23,121.778,31.9969,5.9072,-9.1828,9.5107,1.62657,5.8889,185,25.2468,181.622,8.0444,5.8889,5.8889,8.0444
20210727,121.778,31.9969,5.9072,-10.2854,8.5961,1.62406,5.8599,185,25.1134,181.514,8.0444,5.8599,5.8599,8.0444
20210727.01,121.778,31.9969,5.9072,-11.0732,8.0401,1.62323,5.8163,185,25.0194,181.242,7.3171,5.8163,5.8163,7.3171
20210727.02,121.778,31.9969,5.9072,-10.7385,7.8031,1.61332,5.7784,185,24.9586,180.896,7.3171,5.7784,5.7784,7.3171
20210727.03,121.778,31.9969,5.9072,-10.5382,8.9832,1.59928,5.707,185,24.9921,180.227,7.3171,5.707,5.707,7.3171
20210727.04,121.778,31.9969,5.9072,-9.459,9.142,1.57698,5.6628,185,24.9313,179.715,7.3171,5.6628,5.6628,7.3171
20210727.05,121.778,31.9969,5.9072,-8.87,9.2168,1.55157,5.623,185,24.8798,179.305,7.3171,5.623,5.623,7.3171
20210727.06,121.778,31.9969,5.9072,-9.5743,9.5444,1.53873,5.5688,185,24.8359,178.824,7.3171,5.5688,5.5688,7.3171
20210727.07,121.778,31.9969,5.9072,-9.9812,8.1467,1.53435,5.5463,185,24.648,178.709,7.3171,5.5463,5.5463,7.3171
20210727.08,121.778,31.9969,5.9072,-10.3133,7.7215,1.53468,5.5338,185,24.53,178.689,7.3171,5.5338,5.5338,7.3171
20210727.09,121.778,31.9969,5.9072,-10.6231,7.4127,1.53612,5.5151,185,24.47,178.746,7.3171,5.5151,5.5151,7.3171
20210727.1,121.778,31.9969,5.9072,-10.8366,6.7706,1.53439,5.496,185,24.4301,178.886,7.3171,5.496,5.496,7.3171
20210727.11,121.778,31.9969,5.9072,-11.0122,6.627,1.53338,5.46,185,24.4093,178.962,7.3171,5.46,5.46,7.3171
20210727.12,121.778,31.9969,5.9072,-11.0565,6.8726,1.53309,5.4252,185,24.3813,179.016,7.3171,5.4252,5.4252,7.3171
20210727.13,121.778,31.9969,5.9072,-10.5049,7.3726,1.5282,5.4036,185,24.3686,179.055,7.3171,5.4036,5.4036,7.3171
20210727.14,121.778,31.9969,5.9072,-10.2597,7.6185,1.51876,5.3933,185,24.3765,179.138,7.3171,5.3933,5.3933,7.3171
20210727.15,121.778,31.9969,5.9072,-10.1751,7.6125,1.50936,5.3872,185,24.3854,179.267,7.3171,5.3872,5.3872,7.3171
20210727.16,121.778,31.9969,5.9072,-10.0478,7.3815,1.49972,5.389,185,24.4167,179.528,7.3171,5.389,5.389,7.3171
20210727.17,121.778,31.9969,5.9072,-9.7728,7.4287,1.48497,5.3891,185,24.5152,179.798,7.3171,5.3891,5.3891,7.3171
20210727.18,121.778,31.9969,5.9072,-9.3656,7.8818,1.46306,5.3737,185,24.6971,179.985,6.6554,5.3737,5.3737,6.6554
20210727.19,121.778,31.9969,5.9072,-8.9105,8.3886,1.43381,5.339,185,24.9112,180.025,6.6554,5.339,5.339,6.6554
20210727.2,121.778,31.9969,5.9072,-8.6482,8.297,1.39988,5.293,185,25.073,179.99,6.6554,5.293,5.293,6.6554
20210727.21,121.778,31.9969,5.9072,-8.6154,8.1201,1.36572,5.2355,185,25.1638,179.873,6.6554,5.2355,5.2355,6.6554
20210727.22,121.778,31.9969,5.9072,-8.4714,7.4107,1.3318,5.185,185,25.1611,179.763,6.6554,5.185,5.185,6.6554
20210727.23,121.778,31.9969,5.9072,-8.1028,7.9375,1.29995,5.1233,185,25.2083,179.526,6.6554,5.1233,5.1233,6.6554
20210728,121.778,31.9969,5.9072,-8.0568,7.6003,1.26865,5.0657,185,25.2475,179.259,6.6554,5.0657,5.0657,6.6554
20210728.01,121.778,31.9969,5.9072,-8.1911,6.7118,1.24013,5.0133,185,25.2202,179.177,6.6554,5.0133,5.0133,6.6554
20210728.02,121.778,31.9969,5.9072,-8.4108,6.8735,1.22275,4.9535,185,25.2863,179.068,6.6554,4.9535,4.9535,6.6554
20210728.03,121.778,31.9969,5.9072,-8.0779,7.0409,1.20827,4.9162,185,25.4135,179.291,6.6554,4.9162,4.9162,6.6554
20210728.04,121.778,31.9969,5.9072,-7.4371,7.5903,1.1924,4.894,185,25.7106,179.593,6.6554,4.894,4.894,6.6554
20210728.05,121.778,31.9969,5.9072,-7.4146,7.7316,1.17247,4.866,185,26.0488,179.981,6.6554,4.866,4.866,6.6554
20210728.06,121.778,31.9969,5.9072,-7.5893,7.77,1.1566,4.8193,185,26.3669,180.092,6.6554,4.8193,4.8193,6.6554
20210728.07,121.778,31.9969,5.9072,-7.6915,7.673,1.14349,4.7653,185,26.5549,180.071,6.6554,4.7653,4.7653,6.6554
20210728.08,121.778,31.9969,5.9072,-7.7586,7.0472,1.1297,4.7268,185,26.6778,180.049,6.0537,4.7268,4.7268,6.0537
20210728.09,121.778,31.9969,5.9072,-7.0701,7.4503,1.11144,4.6956,185,26.8014,180.049,6.0537,4.6956,4.6956,6.0537
20210728.1,121.778,31.9969,5.9072,-6.8038,6.7511,1.08422,4.6892,185,26.9247,180.266,6.0537,4.6892,4.6892,6.0537
20210728.11,121.778,31.9969,5.9072,-7.1069,6.5165,1.0594,4.6448,185,27.0198,180.273,6.0537,4.6448,4.6448,6.0537
20210728.12,121.778,31.9969,5.9072,-6.9772,6.6941,1.03829,4.5989,185,27.1007,180.186,6.0537,4.5989,4.5989,6.0537
20210728.13,121.778,31.9969,5.9072,-6.376,7.5019,1.01976,4.5444,185,27.2377,179.989,6.0537,4.5444,4.5444,6.0537
20210728.14,121.778,31.9969,5.9072,-6.0845,7.4361,0.99641,4.5097,185,27.4396,180.037,6.0537,4.5097,4.5097,6.0537
20210728.15,121.778,31.9969,5.9072,-5.5898,7.7652,0.97398,4.4677,185,27.644,180.013,6.0537,4.4677,4.4677,6.0537
20210728.16,121.778,31.9969,5.9072,-5.4929,8.285,0.95428,4.4086,185,27.8639,179.743,6.0537,4.4086,4.4086,6.0537
20210728.17,121.778,31.9969,5.9072,-5.6025,8.3756,0.94021,4.3244,185,27.9972,179.158,6.0537,4.3244,4.3244,6.0537
20210728.18,121.778,31.9969,5.9072,-5.5762,8.4361,0.92939,4.2481,185,28.0567,178.437,6.0537,4.2481,4.2481,6.0537
20210728.19,121.778,31.9969,5.9072,-5.3332,8.4954,0.91955,4.1902,185,28.0702,177.72,6.0537,4.1902,4.1902,6.0537
20210728.2,121.778,31.9969,5.9072,-5.053,8.4296,0.90667,4.1628,185,28.0394,177.221,6.0537,4.1628,4.1628,6.0537
20210728.21,121.778,31.9969,5.9072,-4.4344,8.405,0.89042,4.1525,185,28.0317,176.879,6.0537,4.1525,4.1525,6.0537
20210728.22,121.778,31.9969,5.9072,-3.9768,7.369,0.8648,4.1847,185,27.9319,177.146,6.0537,4.1847,4.1847,6.0537
20210728.23,121.778,31.9969,5.9072,-3.9444,7.8694,0.8427,4.1728,185,27.9897,177.058,5.5063,4.1728,4.1728,5.5063
20210729,121.778,31.9969,5.9072,-3.6397,8.6847,0.82654,4.1013,185,28.1884,176.508,5.5063,4.1013,4.1013,5.5063
20210729.01,121.778,31.9969,5.9072,-3.1674,8.4563,0.80725,4.0616,185,28.2905,176.35,5.5063,4.0616,4.0616,5.5063
20210729.02,121.778,31.9969,5.9072,-2.6933,8.4605,0.78653,4.0287,185,28.4335,176.297,5.5063,4.0287,4.0287,5.5063
20210729.03,121.778,31.9969,5.9072,-2.6242,8.066,0.76501,4.0116,185,28.4903,176.38,5.5063,4.0116,4.0116,5.5063
20210729.04,121.778,31.9969,5.9072,-2.8383,7.7318,0.74707,3.9686,185,28.4831,176.175,5.5063,3.9686,3.9686,5.5063
20210729.05,121.778,31.9969,5.9072,-2.8825,7.2501,0.72793,3.9343,185,28.3865,175.906,5.5063,3.9343,3.9343,5.5063
20210729.06,121.778,31.9969,5.9072,-2.6012,7.0297,0.70664,3.9023,185,28.2125,175.408,5.5063,3.9023,3.9023,5.5063
20210729.07,121.778,31.9969,5.9072,-2.1886,6.5931,0.68204,3.8871,185,27.8795,174.905,5.5063,3.8871,3.8871,5.5063
20210729.08,121.778,31.9969,5.9072,-2.1969,5.9461,0.6553,3.8773,185,27.4013,174.32,5.5063,3.8773,3.8773,5.5063
20210729.09,121.778,31.9969,5.9072,-0.8846,6.0816,0.62439,3.8934,185,26.8954,173.948,5.5063,3.8934,3.8934,5.5063
20210729.1,121.778,31.9969,5.9072,-0.2668,5.1571,0.58957,3.955,185,26.2873,173.954,5.5063,3.955,3.955,5.5063
20210729.11,121.778,31.9969,5.9072,-0.2976,4.9631,0.55558,3.9905,185,25.7697,174.002,5.5063,3.9905,3.9905,5.5063
20210729.12,121.778,31.9969,5.9072,-0.1052,4.9734,0.52421,3.9877,185,25.3315,174.164,5.0084,3.9877,3.9877,5.0084
20210729.13,121.778,31.9969,5.9072,0.1629,4.558,0.49469,4.0096,185,24.8439,174.703,5.0084,4.0096,4.0096,5.0084
20210729.14,121.778,31.9969,5.9072,0.7989,3.9835,0.46799,4.0586,185,24.2501,175.562,5.0084,4.0586,4.0586,5.0084
20210729.15,121.778,31.9969,5.9072,1.6299,3.1854,0.44523,4.1177,185,23.555,176.578,5.0084,4.1177,4.1177,5.0084
20210729.16,121.778,31.9969,5.9072,2.4244,2.2692,0.4262,4.1861,185,22.8004,177.582,5.0084,4.1861,4.1861,5.0084
20210729.17,121.778,31.9969,5.9072,2.93,1.2305,0.40949,4.2552,185,22.0519,178.459,5.0084,4.2552,4.2552,5.0084
20210729.18,121.778,31.9969,5.9072,3.0158,0.5921,0.39394,4.3121,185,21.3555,179.139,5.0084,4.3121,4.3121,5.0084
20210729.19,121.778,31.9969,5.9072,3.1072,0.3186,0.37914,4.3525,185,20.6952,179.614,5.0084,4.3525,4.3525,5.0084
20210729.2,121.778,31.9969,5.9072,3.1308,0.1336,0.36514,4.3807,185,20.0274,179.905,5.0084,4.3807,4.3807,5.0084
20210729.21,121.778,31.9969,5.9072,3.2213,0.1089,0.35228,4.4018,185,19.3411,180.05,5.0084,4.4018,4.4018,5.0084
20210729.22,121.778,31.9969,5.9072,2.8046,0.4038,0.34094,4.422,185,18.5607,180.087,5.0084,4.422,4.422,5.0084
20210729.23,121.778,31.9969,5.9072,2.7019,0.4341,0.3314,4.4353,185,17.8023,180.065,5.0084,4.4353,4.4353,5.0084
20210730,121.778,31.9969,5.9072,2.6969,0.2984,0.32332,4.4395,185,17.1553,180.025,5.0084,4.4395,4.4395,5.0084
20210730.01,121.778,31.9969,5.9072,2.5381,0.6152,0.31574,4.4373,185,16.6255,179.989,5.0084,4.4373,4.4373,5.0084
20210730.02,121.778,31.9969,5.9072,2.4234,0.921,0.30773,4.4267,185,16.2815,179.975,5.0084,4.4267,4.4267,5.0084
20210730.03,121.778,31.9969,5.9072,2.2171,1.1761,0.29871,4.4049,185,16.1582,179.973,5.0084,4.4049,4.4049,5.0084
20210730.04,121.778,31.9969,5.9072,1.8173,1.5792,0.28843,4.3658,185,16.2773,179.952,5.0084,4.3658,4.3658,5.0084
20210730.05,121.778,31.9969,5.9072,1.4192,1.8264,0.27708,4.2989,185,16.6683,179.882,5.0084,4.2989,4.2989,5.0084
20210730.06,121.778,31.9969,5.9072,1.0055,1.6853,0.26519,4.1985,185,17.3435,179.758,5.0084,4.1985,4.1985,5.0084
20210730.07,121.778,31.9969,5.9072,0.3172,1.8334,0.2534,4.075,175,18.254,179.604,5.0084,4.075,4.075,5.0084
20210730.08,121.778,31.9969,5.9072,-0.5713,2.2071,0.24296,3.8697,175,19.5947,179.318,5.0084,3.8697,3.8697,5.0084
20210730.09,121.778,31.9969,5.9072,-1.163,2.7814,0.23511,3.5601,175,21.4152,178.769,5.0084,3.5601,3.5601,5.0084
20210730.1,121.778,31.9969,5.9072,-2.0955,2.5448,0.23015,3.2045,175,23.5143,178.011,5.0084,3.2045,3.2045,5.0084
20210730.11,121.778,31.9969,5.9072,-2.1405,3.369,0.22803,2.8602,175,25.6167,176.9,5.0084,2.8602,2.8602,5.0084
20210730.12,121.778,31.9969,5.9072,-1.8359,3.9464,0.22743,2.603,175,26.9219,175.169,5.0084,2.603,2.603,5.0084
20210730.13,121.778,31.9969,5.9072,-1.2299,4.2156,0.22679,2.4549,175,27.4125,172.998,5.0084,2.4549,2.4549,5.0084
20210730.14,121.778,31.9969,5.9072,-0.8641,4.2861,0.22669,2.3577,175,27.1431,170.59,5.0084,2.3577,2.3577,5.0084
20210730.15,121.778,31.9969,5.9072,-0.4909,4.301,0.22656,2.2926,175,26.4453,168.47,5.0084,2.2926,2.2926,5.0084
20210730.16,121.778,31.9969,5.9072,-0.3936,3.6407,0.22517,2.2489,175,25.022,167.569,5.0084,2.2489,2.2489,5.0084
20210730.17,121.778,31.9969,5.9072,-0.5935,2.8943,0.22448,2.2344,175,23.3607,167.354,5.0084,2.2344,2.2344,5.0084
20210730.18,121.778,31.9969,5.9072,-0.6672,2.5021,0.22264,2.2501,175,22.0734,167.416,5.0084,2.2501,2.2501,5.0084
20210730.19,121.778,31.9969,5.9072,-0.6992,1.667,0.21817,2.315,175,20.9308,167.877,5.0084,2.315,2.315,5.0084
20210730.2,121.778,31.9969,5.9072,-1.0729,0.6445,0.21051,2.4017,175,20.1174,168.48,5.0084,2.4017,2.4017,5.0084
20210730.21,121.778,31.9969,5.9072,-1.55,-0.0532,0.2016,2.4888,175,19.4803,169.074,4.5556,2.4888,2.4888,4.5556
20210730.22,121.778,31.9969,5.9072,-1.7298,-0.4194,0.19243,2.5544,175,19.0127,169.58,4.5556,2.5544,2.5544,4.5556
20210730.23,121.778,31.9969,5.9072,-1.7817,-1.8183,0.18323,2.5954,175,18.8366,170.232,4.5556,2.5954,2.5954,4.5556
20210731,121.778,31.9969,5.9072,-1.858,-2.5876,0.17541,2.5623,175,19.7673,171.449,4.5556,2.5623,2.5623,4.5556
20210731.01,121.778,31.9969,5.9072,-2.8496,-3.0128,0.17163,2.3751,175,21.8428,173.39,4.5556,2.3751,2.3751,4.5556
20210731.02,121.778,31.9969,5.9072,-3.3065,-2.1465,0.17301,2.1295,175,23.301,175.525,4.1436,2.1295,2.1295,4.1436
20210731.03,121.778,31.9969,5.9072,-3.4166,-2.091,0.18022,1.9124,175,24.8728,177.421,4.1436,1.9124,1.9124,4.1436
20210731.04,121.778,31.9969,5.9072,-3.3092,-2.0413,0.18944,1.8441,175,26.4707,179.169,3.769,1.8441,1.8441,3.769
20210731.05,121.778,31.9969,5.9072,-3.4389,-1.3886,0.2001,1.8137,175,26.8121,180.87,3.769,1.8137,1.8137,3.769
20210731.06,121.778,31.9969,5.9072,-3.0757,-0.3915,0.2077,1.8321,175,26.677,181.546,3.769,1.8321,1.8321,3.769
20210731.07,121.778,31.9969,5.9072,-3.2241,-0.5467,0.21384,1.838,175,26.6079,182.254,3.769,1.838,1.838,3.769
20210731.08,121.778,31.9969,5.9072,-2.9177,0.1404,0.21462,1.8791,175,26.1174,182.231,3.4282,1.8791,1.8791,3.4282
20210731.09,121.778,31.9969,5.9072,-2.4264,0.4903,0.21091,1.9348,175,26.4699,182.528,3.4282,1.9348,1.9348,3.4282
20210731.1,121.778,31.9969,5.9072,-2.6191,0.3761,0.20704,1.9798,175,26.6139,182.692,3.4282,1.9798,1.9798,3.4282
20210731.11,121.778,31.9969,5.9072,-2.8662,1.9034,0.20894,1.9533,175,26.6904,181.078,3.4282,1.9533,1.9533,3.4282
20210731.12,121.778,31.9969,5.9072,-2.6909,4.1084,0.21434,1.9172,175,26.9423,178.189,3.4282,1.9172,1.9172,3.4282
20210731.13,121.778,31.9969,5.9072,-1.7524,4.8661,0.217,1.9058,175,27.2951,175.846,3.4282,1.9058,1.9058,3.4282
20210731.14,121.778,31.9969,5.9072,-0.7505,5.0419,0.21417,1.9046,175,27.7742,174.127,3.4282,1.9046,1.9046,3.4282
20210731.15,121.778,31.9969,5.9072,-0.2083,4.7387,0.20591,1.889,175,28.162,173.168,2.1344,1.889,1.889,2.1344
20210731.16,121.778,31.9969,5.9072,-0.0891,4.1518,0.19409,1.8788,175,28.5319,172.574,2.1344,1.8788,1.8788,2.1344
20210731.17,121.778,31.9969,5.9072,-0.079,3.8683,0.18359,1.8579,175,28.6412,171.52,2.3465,1.8579,1.8579,2.3465
20210731.18,121.778,31.9969,5.9072,-0.3438,3.6743,0.17544,1.8357,175,28.1705,169.914,2.3465,1.8357,1.8357,2.3465
20210731.19,121.778,31.9969,5.9072,-0.5672,3.2435,0.1673,1.8363,175,27.2005,168.591,2.5798,1.8363,1.8363,2.5798
20210731.2,121.778,31.9969,5.9072,-0.5334,3.9272,0.16457,1.7725,175,26.6854,165.37,2.5798,1.7725,1.7725,2.5798
20210731.21,121.778,31.9969,5.9072,-0.3452,4.0215,0.16322,1.7192,155,25.7812,162.246,2.5798,1.7192,1.7192,2.5798
20210731.22,121.778,31.9969,5.9072,0.0721,2.802,0.156,1.758,155,24.2654,161.056,2.8363,1.758,1.758,2.8363
20210731.23,121.778,31.9969,5.9072,-0.2113,2.2315,0.14761,1.8175,155,22.5692,159.688,2.8363,1.8175,1.8175,2.8363
20210715,121.781,31.9989,5.4409,-0.8622,7.6048,0.0181,1.6134,95,31.5042,96.461,1.9414,1.6134,1.6134,1.9414
20210715.01,121.781,31.9989,5.4409,-1.4489,7.301,0.04851,1.1241,125,28.6439,108.527,1.9414,1.1241,1.1241,1.9414
20210715.02,121.781,31.9989,5.4409,-2.3815,7.2231,0.07639,1.1391,145,28.6941,117.947,1.6062,1.1391,1.1391,1.6062
20210715.03,121.781,31.9989,5.4409,-2.9151,7.6406,0.10563,1.2028,145,28.4482,124.193,1.7658,1.2028,1.2028,1.7658
20210715.04,121.781,31.9989,5.4409,-2.8128,7.9574,0.13571,1.2691,145,28.1772,128.995,1.9414,1.2691,1.2691,1.9414
20210715.05,121.781,31.9989,5.4409,-2.9353,7.9954,0.16583,1.3533,145,27.1247,133.725,1.9414,1.3533,1.3533,1.9414
20210715.06,121.781,31.9989,5.4409,-3,7.9529,0.19633,1.4608,145,25.8038,137.19,1.9414,1.4608,1.4608,1.9414
20210715.07,121.781,31.9989,5.4409,-2.8322,7.7504,0.22671,1.5827,145,24.4742,139.313,2.1344,1.5827,1.5827,2.1344
20210715.08,121.781,31.9989,5.4409,-2.7655,7.3591,0.25595,1.7092,145,23.0493,141.178,2.3465,1.7092,1.7092,2.3465
20210715.09,121.781,31.9989,5.4409,-3.0888,6.9136,0.28509,1.8228,145,21.858,143.076,2.5798,1.8228,1.8228,2.5798
20210715.1,121.781,31.9989,5.4409,-2.828,5.9208,0.30452,1.9301,145,21.0266,144.387,2.5798,1.9301,1.9301,2.5798
20210715.11,121.781,31.9989,5.4409,-3.6745,6.6033,0.33573,2.0168,145,20.2342,145.337,2.8363,2.0168,2.0168,2.8363
20210715.12,121.781,31.9989,5.4409,-4.3067,7.2879,0.37725,2.1026,145,19.8567,146.14,2.8363,2.1026,2.1026,2.8363
20210715.13,121.781,31.9989,5.4409,-5.1313,7.6205,0.42384,2.204,145,19.8048,147.133,2.8363,2.204,2.204,2.8363
20210715.14,121.781,31.9989,5.4409,-4.7751,7.8277,0.4601,2.3246,145,19.9364,147.836,3.1182,2.3246,2.3246,3.1182
20210715.15,121.781,31.9989,5.4409,-4.2014,7.759,0.48336,2.4438,145,19.9693,148.285,3.1182,2.4438,2.4438,3.1182
20210715.16,121.781,31.9989,5.4409,-3.4104,7.8479,0.49422,2.5503,145,19.9028,148.517,3.1182,2.5503,2.5503,3.1182
20210715.17,121.781,31.9989,5.4409,-3.0484,7.7333,0.50093,2.6313,155,19.7858,148.726,3.769,2.6313,2.6313,3.769
20210715.18,121.781,31.9989,5.4409,-2.9036,7.4545,0.5041,2.6895,145,19.76,149.049,3.769,2.6895,2.6895,3.769
20210715.19,121.781,31.9989,5.4409,-3.1217,7.5229,0.51253,2.7157,145,19.7182,149.169,3.769,2.7157,2.7157,3.769
20210715.2,121.781,31.9989,5.4409,-3.1451,7.6937,0.52251,2.7299,145,19.8414,149.097,4.1436,2.7299,2.7299,4.1436
20210715.21,121.781,31.9989,5.4409,-3.0301,7.4432,0.52135,2.7532,145,20.0461,149.17,3.769,2.7532,2.7532,3.769
20210715.22,121.781,31.9989,5.4409,-2.5295,6.608,0.50057,2.7656,145,20.3588,149.362,3.769,2.7656,2.7656,3.769
20210715.23,121.781,31.9989,5.4409,-3.4788,6.2042,0.48825,2.7234,145,20.1102,149.222,3.769,2.7234,2.7234,3.769
20210716,121.781,31.9989,5.4409,-3.925,6.0643,0.48414,2.6601,145,19.6974,148.941,3.769,2.6601,2.6601,3.769
20210716.01,121.781,31.9989,5.4409,-4.2172,6.3916,0.48688,2.6036,145,19.3992,148.619,3.769,2.6036,2.6036,3.769
20210716.02,121.781,31.9989,5.4409,-4.2076,6.4658,0.48676,2.5847,145,19.3499,148.364,3.4282,2.5847,2.5847,3.4282
20210716.03,121.781,31.9989,5.4409,-4.3067,6.2377,0.48368,2.5787,145,19.1541,148.317,3.4282,2.5787,2.5787,3.4282
20210716.04,121.781,31.9989,5.4409,-4.5203,5.993,0.48304,2.5734,145,19.0081,148.394,3.4282,2.5734,2.5734,3.4282
20210716.05,121.781,31.9989,5.4409,-4.4823,5.9806,0.48268,2.5751,145,18.8611,148.574,3.4282,2.5751,2.5751,3.4282
20210716.06,121.781,31.9989,5.4409,-4.825,5.6438,0.48415,2.576,145,18.8093,148.901,3.4282,2.576,2.576,3.4282
20210716.07,121.781,31.9989,5.4409,-5.196,5.5567,0.49089,2.5835,145,18.7194,149.431,3.4282,2.5835,2.5835,3.4282
20210716.08,121.781,31.9989,5.4409,-5.2462,5.7156,0.50028,2.5998,145,18.8149,149.89,3.4282,2.5998,2.5998,3.4282
20210716.09,121.781,31.9989,5.4409,-4.8624,5.7211,0.49907,2.6287,145,19.0254,150.437,3.4282,2.6287,2.6287,3.4282
20210716.1,121.781,31.9989,5.4409,-3.383,6.4077,0.48149,2.6529,145,19.545,150.456,3.4282,2.6529,2.6529,3.4282
20210716.11,121.781,31.9989,5.4409,-3.0416,5.3811,0.45175,2.6669,145,19.8526,150.981,3.4282,2.6669,2.6669,3.4282
20210716.12,121.781,31.9989,5.4409,-3.4391,5.0411,0.43268,2.6259,145,19.9388,151.453,3.4282,2.6259,2.6259,3.4282
20210716.13,121.781,31.9989,5.4409,-4.2287,5.0158,0.4319,2.5492,145,19.8316,151.795,3.4282,2.5492,2.5492,3.4282
20210716.14,121.781,31.9989,5.4409,-4.4211,4.9553,0.43342,2.495,145,19.9902,152.319,3.4282,2.495,2.495,3.4282
20210716.15,121.781,31.9989,5.4409,-4.5918,5.2473,0.43791,2.4627,145,20.1957,152.566,3.4282,2.4627,2.4627,3.4282
20210716.16,121.781,31.9989,5.4409,-5.0105,5.5045,0.44813,2.4591,155,20.2302,152.784,3.4282,2.4591,2.4591,3.4282
20210716.17,121.781,31.9989,5.4409,-5.5366,5.8866,0.47039,2.4753,155,20.1367,152.923,3.4282,2.4753,2.4753,3.4282
20210716.18,121.781,31.9989,5.4409,-5.7422,6.3603,0.49702,2.5153,155,20.2218,153.145,3.4282,2.5153,2.5153,3.4282
20210716.19,121.781,31.9989,5.4409,-5.733,6.7264,0.52172,2.5778,155,20.3152,153.465,3.4282,2.5778,2.5778,3.4282
20210716.2,121.781,31.9989,5.4409,-5.114,6.7454,0.53032,2.6494,155,20.6212,153.905,3.4282,2.6494,2.6494,3.4282
20210716.21,121.781,31.9989,5.4409,-4.0568,6.6356,0.52042,2.7164,155,20.9523,154.301,3.4282,2.7164,2.7164,3.4282
20210716.22,121.781,31.9989,5.4409,-3.2088,6.0356,0.49909,2.7736,155,21.299,155.003,3.4282,2.7736,2.7736,3.4282
20210716.23,121.781,31.9989,5.4409,-2.9257,5.4898,0.47825,2.8121,155,21.5331,155.892,3.4282,2.8121,2.8121,3.4282
20210717,121.781,31.9989,5.4409,-3.4468,5.2558,0.46862,2.8013,155,21.5814,156.48,3.4282,2.8013,2.8013,3.4282
20210717.01,121.781,31.9989,5.4409,-4.258,5.0043,0.47106,2.7467,145,21.5269,156.776,3.4282,2.7467,2.7467,3.4282
20210717.02,121.781,31.9989,5.4409,-4.7958,4.9895,0.47856,2.6872,145,21.5479,156.963,3.4282,2.6872,2.6872,3.4282
20210717.03,121.781,31.9989,5.4409,-4.8039,4.8137,0.47681,2.6541,155,21.6938,157.233,3.4282,2.6541,2.6541,3.4282
20210717.04,121.781,31.9989,5.4409,-5.5009,4.4679,0.47814,2.6099,155,21.5566,157.368,3.4282,2.6099,2.6099,3.4282
20210717.05,121.781,31.9989,5.4409,-6.1723,4.3827,0.48822,2.5789,155,21.2902,157.443,3.4282,2.5789,2.5789,3.4282
20210717.06,121.781,31.9989,5.4409,-6.3262,4.6113,0.50018,2.5762,155,21.1327,157.584,3.4282,2.5762,2.5762,3.4282
20210717.07,121.781,31.9989,5.4409,-5.2778,4.8303,0.49298,2.6153,165,21.2457,157.77,3.4282,2.6153,2.6153,3.4282
20210717.08,121.781,31.9989,5.4409,-4.8593,4.6089,0.47496,2.647,165,21.3416,158.134,3.4282,2.647,2.647,3.4282
20210717.09,121.781,31.9989,5.4409,-4.6406,4.4726,0.4587,2.6396,165,21.5079,158.442,3.4282,2.6396,2.6396,3.4282
20210717.1,121.781,31.9989,5.4409,-4.5461,3.3025,0.43559,2.6297,165,21.6999,159.617,3.4282,2.6297,2.6297,3.4282
20210717.11,121.781,31.9989,5.4409,-4.7601,3.005,0.41822,2.5822,175,21.7796,160.643,3.4282,2.5822,2.5822,3.4282
20210717.12,121.781,31.9989,5.4409,-5.0985,2.9796,0.41184,2.5007,175,21.7972,161.061,3.4282,2.5007,2.5007,3.4282
20210717.13,121.781,31.9989,5.4409,-5.485,3.0367,0.41385,2.4338,175,21.7958,161.247,3.4282,2.4338,2.4338,3.4282
20210717.14,121.781,31.9989,5.4409,-5.7147,2.9597,0.41774,2.4053,175,21.8645,161.505,3.4282,2.4053,2.4053,3.4282
20210717.15,121.781,31.9989,5.4409,-5.5159,3.1837,0.41876,2.4095,175,21.8344,161.704,3.1182,2.4095,2.4095,3.1182
20210717.16,121.781,31.9989,5.4409,-5.1986,3.3646,0.41458,2.4237,175,21.8765,161.881,3.1182,2.4237,2.4237,3.1182
20210717.17,121.781,31.9989,5.4409,-4.8916,3.5602,0.40854,2.4416,175,21.962,162.058,3.1182,2.4416,2.4416,3.1182
20210717.18,121.781,31.9989,5.4409,-4.1896,3.7478,0.39519,2.4546,175,22.3676,162.322,3.1182,2.4546,2.4546,3.1182
20210717.19,121.781,31.9989,5.4409,-3.6955,3.5854,0.37635,2.4634,175,22.8035,162.968,3.1182,2.4634,2.4634,3.1182
20210717.2,121.781,31.9989,5.4409,-3.7265,3.3148,0.36083,2.4355,175,23.1526,163.446,3.1182,2.4355,2.4355,3.1182
20210717.21,121.781,31.9989,5.4409,-3.621,3.0781,0.34616,2.403,175,23.1965,164.051,3.1182,2.403,2.403,3.1182
20210717.22,121.781,31.9989,5.4409,-3.0443,2.5972,0.32439,2.3924,175,23.2186,165.044,3.1182,2.3924,2.3924,3.1182
20210717.23,121.781,31.9989,5.4409,-3.7762,2.0503,0.30906,2.3068,175,22.8965,165.547,3.1182,2.3068,2.3068,3.1182
20210718,121.781,31.9989,5.4409,-4.2206,1.8804,0.30298,2.1711,175,22.7415,165.455,3.1182,2.1711,2.1711,3.1182
20210718.01,121.781,31.9989,5.4409,-3.9918,2.0229,0.29423,2.0947,175,22.7934,165.523,3.1182,2.0947,2.0947,3.1182
20210718.02,121.781,31.9989,5.4409,-3.8069,1.9182,0.28062,2.0286,175,23.1281,165.615,3.1182,2.0286,2.0286,3.1182
20210718.03,121.781,31.9989,5.4409,-3.7125,1.6407,0.26441,1.981,175,23.2436,165.99,3.1182,1.981,1.981,3.1182
20210718.04,121.781,31.9989,5.4409,-3.751,1.2506,0.24972,1.9209,175,23.4413,166.777,2.8363,1.9209,1.9209,2.8363
20210718.05,121.781,31.9989,5.4409,-3.8545,0.9988,0.23871,1.861,175,23.4332,167.918,2.8363,1.861,1.861,2.8363
20210718.06,121.781,31.9989,5.4409,-4.3739,0.9293,0.23876,1.8017,175,23.5027,168.732,2.5798,1.8017,1.8017,2.5798
20210718.07,121.781,31.9989,5.4409,-5.1255,0.8791,0.25099,1.779,175,23.7175,169.366,2.3465,1.779,1.779,2.3465
20210718.08,121.781,31.9989,5.4409,-5.8108,0.8171,0.2713,1.7986,175,23.8768,169.875,2.3465,1.7986,1.7986,2.3465
20210718.09,121.781,31.9989,5.4409,-6.1408,1.223,0.29106,1.8634,175,24.0546,169.871,2.3465,1.8634,1.8634,2.3465
20210718.1,121.781,31.9989,5.4409,-5.8358,1.7767,0.30611,1.9394,175,24.0335,169.498,2.5798,1.9394,1.9394,2.5798
20210718.11,121.781,31.9989,5.4409,-5.5943,2.1914,0.31902,2.0211,175,23.8764,168.86,2.5798,2.0211,2.0211,2.5798
20210718.12,121.781,31.9989,5.4409,-4.7549,2.8712,0.3219,2.0953,175,23.9511,168.047,2.5798,2.0953,2.0953,2.5798
20210718.13,121.781,31.9989,5.4409,-3.9621,3.3256,0.31832,2.1571,155,24.3657,167.14,2.5798,2.1571,2.1571,2.5798
20210718.14,121.781,31.9989,5.4409,-3.287,3.4084,0.30978,2.2037,155,24.8847,166.873,2.5798,2.2037,2.2037,2.5798
20210718.15,121.781,31.9989,5.4409,-2.9936,3.0459,0.2994,2.2463,155,25.3378,167.113,2.8363,2.2463,2.2463,2.8363
20210718.16,121.781,31.9989,5.4409,-3.2823,2.5791,0.29137,2.2421,155,25.322,167.308,2.8363,2.2421,2.2421,2.8363
20210718.17,121.781,31.9989,5.4409,-3.2879,2.5905,0.28514,2.2077,155,25.2695,166.944,3.1182,2.2077,2.2077,3.1182
20210718.18,121.781,31.9989,5.4409,-3.5836,2.4864,0.28101,2.1515,155,24.8215,166.398,3.1182,2.1515,2.1515,3.1182
20210718.19,121.781,31.9989,5.4409,-4.1619,2.4692,0.28423,2.0717,175,24.2489,165.293,2.8363,2.0718,2.0718,2.8363
20210718.2,121.781,31.9989,5.4409,-4.48,2.6624,0.29247,2.021,175,23.6318,164.154,2.8363,2.021,2.021,2.8363
20210718.21,121.781,31.9989,5.4409,-4.3581,2.5985,0.29594,2.0114,175,23.3575,163.488,2.8363,2.0114,2.0114,2.8363
20210718.22,121.781,31.9989,5.4409,-3.5043,2.6776,0.28389,2.0403,175,23.3008,163.583,2.8363,2.0403,2.0403,2.8363
20210718.23,121.781,31.9989,5.4409,-3.9511,2.1315,0.27602,2.0289,175,23.0197,164.003,2.8363,2.0289,2.0289,2.8363
20210719,121.781,31.9989,5.4409,-4.1173,2.0722,0.2766,2.005,175,22.6502,164.643,2.8363,2.005,2.005,2.8363
20210719.01,121.781,31.9989,5.4409,-4.1262,2.0009,0.27771,2.005,175,22.6223,165.325,2.8363,2.005,2.005,2.8363
20210719.02,121.781,31.9989,5.4409,-4.406,1.9391,0.28242,2.0052,175,22.6012,165.924,2.8363,2.0052,2.0052,2.8363
20210719.03,121.781,31.9989,5.4409,-4.9536,1.7108,0.29454,2.0099,175,22.6247,166.518,2.8363,2.0099,2.0099,2.8363
20210719.04,121.781,31.9989,5.4409,-5.4452,1.6996,0.31387,2.032,175,22.517,167.105,2.8363,2.032,2.032,2.8363
20210719.05,121.781,31.9989,5.4409,-5.4116,2.2156,0.33057,2.0842,175,22.5472,167.18,2.8363,2.0842,2.0842,2.8363
20210719.06,121.781,31.9989,5.4409,-5.1999,2.6616,0.34178,2.1413,175,22.5444,166.924,2.8363,2.1413,2.1413,2.8363
20210719.07,121.781,31.9989,5.4409,-5.0859,3.1756,0.35014,2.1982,175,22.7561,166.329,2.8363,2.1982,2.1982,2.8363
20210719.08,121.781,31.9989,5.4409,-4.8742,3.4557,0.35585,2.2374,175,23.0113,165.701,2.8363,2.2374,2.2374,2.8363
20210719.09,121.781,31.9989,5.4409,-4.5973,3.2912,0.35492,2.2706,175,23.3,165.614,2.8363,2.2706,2.2706,2.8363
20210719.1,121.781,31.9989,5.4409,-3.896,2.9033,0.34161,2.3024,175,23.5523,166.294,2.8363,2.3024,2.3024,2.8363
20210719.11,121.781,31.9989,5.4409,-4.4427,2.6757,0.33759,2.2796,175,23.5904,166.339,3.1182,2.2796,2.2796,3.1182
20210719.12,121.781,31.9989,5.4409,-5.3263,3.5221,0.35642,2.2294,175,23.2878,165.096,3.1182,2.2294,2.2294,3.1182
20210719.13,121.781,31.9989,5.4409,-4.9294,3.6016,0.36872,2.2408,175,23.2349,164.362,3.1182,2.2408,2.2408,3.1182
20210719.14,121.781,31.9989,5.4409,-4.749,3.3833,0.36968,2.2695,175,23.185,164.479,3.1182,2.2694,2.2694,3.1182
20210719.15,121.781,31.9989,5.4409,-4.6944,3.34,0.37123,2.2914,175,23.1307,164.483,3.1182,2.2914,2.2914,3.1182
20210719.16,121.781,31.9989,5.4409,-5.0243,3.4369,0.38055,2.315,175,22.9361,164.564,3.1182,2.315,2.315,3.1182
20210719.17,121.781,31.9989,5.4409,-5.0803,3.6328,0.39377,2.3519,175,22.8231,164.691,3.1182,2.3519,2.3519,3.1182
20210719.18,121.781,31.9989,5.4409,-5.3087,3.6668,0.40773,2.3931,175,22.8859,164.993,3.1182,2.3931,2.3931,3.1182
20210719.19,121.781,31.9989,5.4409,-5.3445,3.319,0.41933,2.4419,175,22.9253,165.521,3.1182,2.4419,2.4419,3.1182
20210719.2,121.781,31.9989,5.4409,-5.6381,3.0349,0.43102,2.4827,175,22.859,166.299,3.1182,2.4827,2.4827,3.1182
20210719.21,121.781,31.9989,5.4409,-6.1502,2.7238,0.44936,2.5181,175,22.7419,166.928,3.4282,2.5181,2.5181,3.4282
20210719.22,121.781,31.9989,5.4409,-5.8765,1.8633,0.45579,2.5747,175,22.5906,168.432,3.4282,2.5747,2.5747,3.4282
20210719.23,121.781,31.9989,5.4409,-6.6865,2.0974,0.47539,2.6069,175,22.3383,169.3,3.4282,2.6069,2.6069,3.4282
20210720,121.781,31.9989,5.4409,-6.6735,2.7211,0.49781,2.6602,175,22.2545,169.737,3.4282,2.6602,2.6602,3.4282
20210720.01,121.781,31.9989,5.4409,-6.4797,3.1319,0.51314,2.7254,175,22.3575,170.026,3.4282,2.7254,2.7254,3.4282
20210720.02,121.781,31.9989,5.4409,-6.4486,3.1237,0.52318,2.7874,185,22.5033,170.321,3.4282,2.7874,2.7874,3.4282
20210720.03,121.781,31.9989,5.4409,-6.2892,2.7116,0.52687,2.8405,185,22.5739,170.862,3.769,2.8405,2.8405,3.769
20210720.04,121.781,31.9989,5.4409,-6.3848,2.4801,0.52999,2.8766,175,22.577,171.317,3.769,2.8766,2.8766,3.769
20210720.05,121.781,31.9989,5.4409,-6.786,2.4406,0.5393,2.8813,175,22.5022,171.49,3.769,2.8813,2.8813,3.769
20210720.06,121.781,31.9989,5.4409,-7.1481,2.3054,0.55307,2.8805,175,22.3972,171.646,3.769,2.8805,2.8805,3.769
20210720.07,121.781,31.9989,5.4409,-7.2119,2.1189,0.56397,2.897,175,22.2642,172.003,3.769,2.897,2.897,3.769
20210720.08,121.781,31.9989,5.4409,-7.1504,2.0537,0.57066,2.9218,175,22.1697,172.314,3.769,2.9218,2.9218,3.769
20210720.09,121.781,31.9989,5.4409,-6.9905,1.9757,0.57205,2.9514,175,22.0896,172.684,3.769,2.9514,2.9514,3.769
20210720.1,121.781,31.9989,5.4409,-6.8001,1.6127,0.56903,2.9835,175,21.9553,173.234,3.769,2.9835,2.9835,3.769
20210720.11,121.781,31.9989,5.4409,-7.3275,1.7785,0.57718,2.9865,175,21.8926,173.409,3.769,2.9865,2.9865,3.769
20210720.12,121.781,31.9989,5.4409,-7.2864,1.9982,0.58884,3.0033,175,21.8782,173.384,3.769,3.0034,3.0034,3.769
20210720.13,121.781,31.9989,5.4409,-7.2921,2.0512,0.59893,3.0351,175,21.8829,173.408,3.769,3.0351,3.0351,3.769
20210720.14,121.781,31.9989,5.4409,-6.9808,2.0827,0.60219,3.0802,175,21.8566,173.579,3.769,3.0802,3.0802,3.769
20210720.15,121.781,31.9989,5.4409,-6.8769,1.8894,0.60126,3.1142,175,21.8537,173.818,3.769,3.1142,3.1142,3.769
20210720.16,121.781,31.9989,5.4409,-7.466,1.9947,0.61084,3.1077,175,21.8713,173.781,3.769,3.1077,3.1077,3.769
20210720.17,121.781,31.9989,5.4409,-7.7834,2.229,0.6289,3.1001,175,21.9129,173.544,3.769,3.1001,3.1001,3.769
20210720.18,121.781,31.9989,5.4409,-7.3625,2.2136,0.63612,3.1374,175,21.9106,173.552,3.769,3.1374,3.1374,3.769
20210720.19,121.781,31.9989,5.4409,-6.4685,1.8146,0.62231,3.1997,175,21.9344,174.021,3.769,3.1997,3.1997,3.769
20210720.2,121.781,31.9989,5.4409,-5.8456,1.1332,0.59461,3.2536,185,21.9059,174.913,3.769,3.2536,3.2536,3.769
20210720.21,121.781,31.9989,5.4409,-5.63,0.2426,0.56594,3.2768,185,21.8606,176.049,4.1436,3.2768,3.2768,4.1436
20210720.22,121.781,31.9989,5.4409,-4.9171,-0.262,0.53597,3.2991,185,21.85,177.129,4.1436,3.2991,3.2991,4.1436
20210720.23,121.781,31.9989,5.4409,-5.4694,-1.0605,0.51371,3.2381,185,21.9669,178.192,4.1436,3.2381,3.2381,4.1436
20210721,121.781,31.9989,5.4409,-5.9119,-1.4178,0.50309,3.0795,185,22.2249,179.321,4.1436,3.0795,3.0795,4.1436
20210721.01,121.781,31.9989,5.4409,-6.1718,-0.9713,0.50031,2.9115,185,22.6221,180.166,3.769,2.9115,2.9115,3.769
20210721.02,121.781,31.9989,5.4409,-6.1037,-0.9761,0.49613,2.8075,185,23.1411,180.929,3.769,2.8075,2.8075,3.769
20210721.03,121.781,31.9989,5.4409,-5.7822,-1.5129,0.48616,2.7544,175,23.7376,182.247,3.769,2.7544,2.7544,3.769
20210721.04,121.781,31.9989,5.4409,-5.4278,-1.9491,0.47211,2.7344,175,24.3695,183.863,3.4282,2.7344,2.7344,3.4282
20210721.05,121.781,31.9989,5.4409,-5.2891,-2.3046,0.46025,2.7074,175,25.1941,185.718,3.4282,2.7074,2.7074,3.4282
20210721.06,121.781,31.9989,5.4409,-4.983,-2.8523,0.45057,2.6765,175,26.2123,187.839,3.4282,2.6765,2.6765,3.4282
20210721.07,121.781,31.9989,5.4409,-4.6754,-3.3193,0.44349,2.6452,185,27.4415,190.378,3.4282,2.6452,2.6452,3.4282
20210721.08,121.781,31.9989,5.4409,-4.5399,-3.7037,0.44081,2.6112,185,28.5866,193.217,3.4282,2.6112,2.6112,3.4282
20210721.09,121.781,31.9989,5.4409,-4.7866,-3.9343,0.4479,2.5861,185,29.4043,196.145,3.4282,2.5861,2.5861,3.4282
20210721.1,121.781,31.9989,5.4409,-4.5307,-2.9094,0.45408,2.6397,185,29.3766,197.213,3.1182,2.6397,2.6397,3.1182
20210721.11,121.781,31.9989,5.4409,-5.6923,-2.7389,0.47339,2.6667,185,28.9381,197.181,3.1182,2.6667,2.6667,3.1182
20210721.12,121.781,31.9989,5.4409,-6.3665,-1.9801,0.50206,2.7058,185,28.3351,196.064,3.1182,2.7058,2.7058,3.1182
20210721.13,121.781,31.9989,5.4409,-6.7139,-1.4427,0.53063,2.7655,185,27.7386,194.197,3.1182,2.7655,2.7655,3.1182
20210721.14,121.781,31.9989,5.4409,-7.0386,-1.1685,0.55848,2.8334,185,27.1868,192.182,3.1182,2.8334,2.8334,3.1182
20210721.15,121.781,31.9989,5.4409,-6.9853,-1.1663,0.58118,2.9162,185,26.7713,190.387,3.1182,2.9162,2.9162,3.1182
20210721.16,121.781,31.9989,5.4409,-6.8431,-1.2471,0.59712,3.0015,185,26.4232,188.934,3.4282,3.0015,3.0015,3.4282
20210721.17,121.781,31.9989,5.4409,-6.9883,-1.1128,0.61233,3.073,185,26.102,187.631,3.4282,3.073,3.073,3.4282
20210721.18,121.781,31.9989,5.4409,-7.1855,-0.9788,0.62927,3.1288,185,25.751,186.402,3.4282,3.1288,3.1288,3.4282
20210721.19,121.781,31.9989,5.4409,-7.0858,-1.1343,0.64288,3.1888,185,25.4286,185.599,3.4282,3.1888,3.1888,3.4282
20210721.2,121.781,31.9989,5.4409,-6.9609,-1.4705,0.65055,3.2456,185,25.2043,185.342,3.769,3.2456,3.2456,3.769
20210721.21,121.781,31.9989,5.4409,-6.9158,-1.8995,0.65648,3.287,185,25.0731,185.526,3.769,3.287,3.287,3.769
20210721.22,121.781,31.9989,5.4409,-6.5375,-2.242,0.65747,3.3272,185,25.0872,186.037,3.769,3.3272,3.3272,3.769
20210721.23,121.781,31.9989,5.4409,-7.0897,-2.2822,0.66354,3.3276,185,25.1357,186.505,3.769,3.3276,3.3276,3.769
20210722,121.781,31.9989,5.4409,-7.8065,-2.0132,0.68307,3.2978,185,25.1345,186.595,3.769,3.2978,3.2978,3.769
20210722.01,121.781,31.9989,5.4409,-7.7248,-1.9178,0.70158,3.3118,185,25.1045,186.544,3.769,3.3118,3.3118,3.769
20210722.02,121.781,31.9989,5.4409,-7.5114,-2.2823,0.7129,3.3566,185,25.0692,186.868,3.769,3.3566,3.3566,3.769
20210722.03,121.781,31.9989,5.4409,-7.8562,-2.0891,0.72615,3.3843,185,25.0909,186.968,3.769,3.3843,3.3843,3.769
20210722.04,121.781,31.9989,5.4409,-7.8718,-1.7152,0.73832,3.4173,185,25.1241,186.823,3.769,3.4173,3.4173,3.769
20210722.05,121.781,31.9989,5.4409,-7.3143,-1.747,0.73781,3.4682,185,25.2268,186.901,3.769,3.4682,3.4682,3.769
20210722.06,121.781,31.9989,5.4409,-7.1037,-1.7245,0.72954,3.5043,185,25.3264,187.162,3.769,3.5043,3.5043,3.769
20210722.07,121.781,31.9989,5.4409,-7.0646,-1.6997,0.72017,3.5094,185,25.4858,187.459,3.769,3.5094,3.5094,3.769
20210722.08,121.781,31.9989,5.4409,-7.2063,-1.6319,0.71413,3.4904,185,25.5467,187.646,3.769,3.4904,3.4904,3.769
20210722.09,121.781,31.9989,5.4409,-7.251,-1.7515,0.71117,3.4662,185,25.5969,187.801,3.769,3.4662,3.4662,3.769
20210722.1,121.781,31.9989,5.4409,-7.6454,-1.5216,0.71643,3.4321,185,25.501,187.618,3.769,3.4321,3.4321,3.769
20210722.11,121.781,31.9989,5.4409,-7.5596,-0.8081,0.72345,3.4289,185,25.4055,187.018,3.769,3.4289,3.4289,3.769
20210722.12,121.781,31.9989,5.4409,-7.1567,-0.8395,0.72345,3.4613,185,25.212,186.496,3.769,3.4613,3.4613,3.769
20210722.13,121.781,31.9989,5.4409,-7.4846,-0.7103,0.72712,3.4758,185,25.0093,185.876,3.769,3.4758,3.4758,3.769
20210722.14,121.781,31.9989,5.4409,-7.3048,-0.8407,0.72956,3.5014,185,24.7753,185.275,3.769,3.5014,3.5014,3.769
20210722.15,121.781,31.9989,5.4409,-7.3765,-0.8908,0.73253,3.522,185,24.6165,184.911,3.769,3.522,3.522,3.769
20210722.16,121.781,31.9989,5.4409,-7.507,-1.0157,0.73643,3.5294,185,24.4785,184.6,3.769,3.5294,3.5294,3.769
20210722.17,121.781,31.9989,5.4409,-7.5352,-1.2493,0.74066,3.538,185,24.4152,184.593,3.769,3.538,3.538,3.769
20210722.18,121.781,31.9989,5.4409,-7.537,-1.6347,0.7443,3.5421,185,24.3495,184.751,3.769,3.5421,3.5421,3.769
20210722.19,121.781,31.9989,5.4409,-7.6438,-1.9673,0.74989,3.5469,185,24.3489,185.097,3.769,3.5469,3.5469,3.769
20210722.2,121.781,31.9989,5.4409,-7.9263,-2.1208,0.76034,3.5402,185,24.3847,185.365,3.769,3.5402,3.5402,3.769
20210722.21,121.781,31.9989,5.4409,-7.8325,-2.4827,0.77131,3.5509,185,24.4831,185.818,3.769,3.5509,3.5509,3.769
20210722.22,121.781,31.9989,5.4409,-7.4873,-2.4518,0.77489,3.5818,185,24.6106,186.25,4.1436,3.5818,3.5818,4.1436
20210722.23,121.781,31.9989,5.4409,-8.1747,-2.7566,0.7878,3.5843,185,24.7154,186.629,4.1436,3.5843,3.5843,4.1436
20210723,121.781,31.9989,5.4409,-8.7967,-2.915,0.81418,3.5731,185,24.8467,186.783,4.1436,3.5731,3.5731,4.1436
20210723.01,121.781,31.9989,5.4409,-8.3564,-3.4941,0.83344,3.6043,185,25.1171,187.326,4.1436,3.6043,3.6043,4.1436
20210723.02,121.781,31.9989,5.4409,-7.8104,-3.7072,0.83835,3.6564,185,25.4361,188.165,4.1436,3.6564,3.6564,4.1436
20210723.03,121.781,31.9989,5.4409,-8.1148,-3.3737,0.84313,3.6869,185,25.6639,188.804,4.1436,3.6869,3.6869,4.1436
20210723.04,121.781,31.9989,5.4409,-7.9048,-3.1442,0.84404,3.7137,185,25.8459,189.245,4.1436,3.7137,3.7137,4.1436
20210723.05,121.781,31.9989,5.4409,-7.4128,-3.3298,0.83465,3.7384,185,26.1479,189.982,4.1436,3.7383,3.7383,4.1436
20210723.06,121.781,31.9989,5.4409,-7.7481,-3.2169,0.82654,3.7289,185,26.3514,190.692,4.1436,3.7289,3.7289,4.1436
20210723.07,121.781,31.9989,5.4409,-7.6923,-3.1116,0.82051,3.7087,185,26.5144,191.257,4.1436,3.7087,3.7087,4.1436
20210723.08,121.781,31.9989,5.4409,-7.2534,-2.9595,0.80877,3.7046,185,26.6334,191.786,4.1436,3.7046,3.7046,4.1436
20210723.09,121.781,31.9989,5.4409,-6.7709,-3.147,0.79082,3.7043,185,26.8291,192.487,4.1436,3.7043,3.7043,4.1436
20210723.1,121.781,31.9989,5.4409,-6.8133,-2.6431,0.77311,3.6896,185,26.921,192.833,4.1436,3.6896,3.6896,4.1436
20210723.11,121.781,31.9989,5.4409,-7.1865,-3.1751,0.76639,3.6407,185,27.0086,193.125,4.1436,3.6407,3.6407,4.1436
20210723.12,121.781,31.9989,5.4409,-7.1985,-3.4189,0.76532,3.5987,185,27.0324,193.299,4.1436,3.5987,3.5987,4.1436
20210723.13,121.781,31.9989,5.4409,-7.1837,-3.6034,0.76782,3.5742,185,27.0918,193.546,3.769,3.5742,3.5742,3.769
20210723.14,121.781,31.9989,5.4409,-7.7145,-3.465,0.77897,3.5519,185,27.0186,193.402,3.769,3.5519,3.5519,3.769
20210723.15,121.781,31.9989,5.4409,-8.6734,-2.7992,0.80452,3.533,185,26.813,192.49,3.769,3.533,3.533,3.769
20210723.16,121.781,31.9989,5.4409,-8.5897,-2.7142,0.82869,3.5616,185,26.6285,191.427,3.769,3.5616,3.5616,3.769
20210723.17,121.781,31.9989,5.4409,-8.2195,-3.3277,0.84401,3.6193,185,26.5751,190.873,3.769,3.6193,3.6193,3.769
20210723.18,121.781,31.9989,5.4409,-8.0821,-4.0238,0.85663,3.6653,185,26.7,190.795,3.769,3.6653,3.6653,3.769
20210723.19,121.781,31.9989,5.4409,-8.5292,-4.1367,0.87489,3.6937,185,26.8323,190.779,4.1436,3.6937,3.6937,4.1436
20210723.2,121.781,31.9989,5.4409,-9.0972,-4.5692,0.90248,3.7071,185,26.9718,190.912,4.1436,3.7071,3.7071,4.1436
20210723.21,121.781,31.9989,5.4409,-9.4316,-4.38,0.93208,3.7377,185,26.9719,191.027,4.1436,3.7377,3.7377,4.1436
20210723.22,121.781,31.9989,5.4409,-9.2204,-3.7585,0.95372,3.7953,185,26.8904,190.991,4.1436,3.7953,3.7953,4.1436
20210723.23,121.781,31.9989,5.4409,-10.1822,-3.3836,0.98344,3.8379,185,26.6609,190.471,4.1436,3.8378,3.8378,4.1436
20210724,121.781,31.9989,5.4409,-9.9006,-3.2535,1.01055,3.8939,185,26.61,190.119,4.1436,3.8939,3.8939,4.1436
20210724.01,121.781,31.9989,5.4409,-9.9499,-3.0615,1.03012,3.961,185,26.5026,189.797,4.1436,3.961,3.961,4.1436
20210724.02,121.781,31.9989,5.4409,-10.1212,-2.9558,1.04998,4.0173,185,26.4407,189.559,4.5556,4.0173,4.0173,4.5556
20210724.03,121.781,31.9989,5.4409,-9.5903,-3.0489,1.06057,4.089,185,26.2999,189.525,4.5556,4.089,4.089,4.5556
20210724.04,121.781,31.9989,5.4409,-8.7298,-3.6092,1.05792,4.1683,185,26.194,189.912,4.5556,4.1683,4.1683,4.5556
20210724.05,121.781,31.9989,5.4409,-8.9406,-4.2728,1.05674,4.2061,185,26.1474,190.534,4.5556,4.2061,4.2061,4.5556
20210724.06,121.781,31.9989,5.4409,-9.1987,-4.3124,1.05911,4.2114,185,26.1627,191.094,4.5556,4.2115,4.2115,4.5556
20210724.07,121.781,31.9989,5.4409,-9.1982,-4.8121,1.06094,4.1979,185,26.3139,191.876,4.5556,4.1979,4.1979,4.5556
20210724.08,121.781,31.9989,5.4409,-9.5627,-4.9597,1.06672,4.1725,185,26.4904,192.76,4.5556,4.1725,4.1725,4.5556
20210724.09,121.781,31.9989,5.4409,-9.5967,-4.5141,1.07417,4.159,185,26.5633,193.344,4.5556,4.159,4.159,4.5556
20210724.1,121.781,31.9989,5.4409,-8.9501,-4.7006,1.07411,4.1756,185,26.6431,193.858,4.5556,4.1756,4.1756,4.5556
20210724.11,121.781,31.9989,5.4409,-10.2107,-4.8933,1.09153,4.1629,185,26.6325,194.023,4.5556,4.1629,4.1629,4.5556
20210724.12,121.781,31.9989,5.4409,-9.8359,-5.2433,1.11254,4.1776,185,26.7285,194.167,4.5556,4.1776,4.1776,4.5556
20210724.13,121.781,31.9989,5.4409,-9.6756,-5.8613,1.13105,4.2074,185,26.8676,194.563,4.5556,4.2074,4.2074,4.5556
20210724.14,121.781,31.9989,5.4409,-9.3464,-6.2286,1.14383,4.2446,185,27.1215,195.162,4.5556,4.2446,4.2446,4.5556
20210724.15,121.781,31.9989,5.4409,-9.3682,-6.688,1.15741,4.2712,185,27.3778,195.965,4.5556,4.2712,4.2712,4.5556
20210724.16,121.781,31.9989,5.4409,-9.6161,-7.3261,1.17658,4.2794,185,27.7341,196.981,4.5556,4.2794,4.2794,4.5556
20210724.17,121.781,31.9989,5.4409,-9.795,-8.0522,1.20077,4.2787,185,28.0971,198.233,4.5556,4.2787,4.2787,4.5556
20210724.18,121.781,31.9989,5.4409,-10.2431,-8.4201,1.22953,4.2701,185,28.4188,199.509,4.5556,4.2701,4.2701,4.5556
20210724.19,121.781,31.9989,5.4409,-10.3306,-9.1122,1.25982,4.2688,185,28.7061,200.85,5.0084,4.2688,4.2688,5.0084
20210724.2,121.781,31.9989,5.4409,-10.0705,-9.6442,1.28512,4.2738,185,29.1321,202.209,5.0084,4.2738,4.2738,5.0084
20210724.21,121.781,31.9989,5.4409,-10.7742,-10.7265,1.3197,4.2763,185,29.5757,203.541,5.0084,4.2763,4.2763,5.0084
20210724.22,121.781,31.9989,5.4409,-12.5347,-9.7903,1.36668,4.2965,185,29.6172,203.806,5.0084,4.2965,4.2965,5.0084
20210724.23,121.781,31.9989,5.4409,-12.092,-10.4338,1.40984,4.3456,185,29.8807,204.185,5.0084,4.3456,4.3456,5.0084
20210725,121.781,31.9989,5.4409,-12.7781,-9.477,1.44671,4.4082,185,29.9817,204.143,5.0084,4.4082,4.4082,5.0084
20210725.01,121.781,31.9989,5.4409,-14.4085,-9.4735,1.5002,4.4579,185,30.0514,203.841,5.0084,4.4579,4.4579,5.0084
20210725.02,121.781,31.9989,5.4409,-15.2442,-8.4005,1.55191,4.5255,185,30.0403,203.116,5.0084,4.5255,4.5255,5.0084
20210725.03,121.781,31.9989,5.4409,-15.3221,-7.2961,1.59047,4.6143,185,29.9773,202.285,5.0084,4.6143,4.6143,5.0084
20210725.04,121.781,31.9989,5.4409,-15.6432,-6.6858,1.62555,4.699,185,29.8971,201.52,5.0084,4.699,4.699,5.0084
20210725.05,121.781,31.9989,5.4409,-15.4381,-6.3843,1.65301,4.7844,185,29.8237,200.931,5.5063,4.7844,4.7844,5.5063
20210725.06,121.781,31.9989,5.4409,-14.6075,-6.3976,1.66739,4.8772,185,29.7283,200.538,5.5063,4.8772,4.8772,5.5063
20210725.07,121.781,31.9989,5.4409,-14.8879,-6.2983,1.68477,4.9577,185,29.5573,200.078,5.5063,4.9577,4.9577,5.5063
20210725.08,121.781,31.9989,5.4409,-15.1491,-6.8877,1.70664,5.0227,185,29.3655,199.709,5.5063,5.0227,5.0227,5.5063
20210725.09,121.781,31.9989,5.4409,-15.2668,-7.4297,1.72596,5.0805,185,29.1676,199.452,5.5063,5.0805,5.0805,5.5063
20210725.1,121.781,31.9989,5.4409,-16.3158,-7.0592,1.74782,5.1255,185,28.911,198.971,5.5063,5.1255,5.1255,5.5063
20210725.11,121.781,31.9989,5.4409,-15.7243,-7.4755,1.75855,5.1822,185,28.6791,198.632,6.0537,5.1822,5.1822,6.0537
20210725.12,121.781,31.9989,5.4409,-16.0803,-7.2957,1.76749,5.2332,185,28.4375,198.274,6.0537,5.2332,5.2332,6.0537
20210725.13,121.781,31.9989,5.4409,-16.9977,-5.4111,1.77833,5.2802,185,28.1579,197.536,6.0537,5.2802,5.2802,6.0537
20210725.14,121.781,31.9989,5.4409,-16.2966,-4.5516,1.77793,5.3441,185,27.911,196.82,6.0537,5.3441,5.3441,6.0537
20210725.15,121.781,31.9989,5.4409,-15.9066,-3.885,1.77398,5.4118,195,27.6664,196.144,6.0537,5.4118,5.4118,6.0537
20210725.16,121.781,31.9989,5.4409,-15.8871,-2.6836,1.77305,5.4799,195,27.3883,195.346,6.6554,5.4799,5.4799,6.6554
20210725.17,121.781,31.9989,5.4409,-16.5468,-1.657,1.78,5.5362,195,27.0736,194.393,6.6554,5.5362,5.5362,6.6554
20210725.18,121.781,31.9989,5.4409,-16.694,-0.9957,1.78676,5.5926,195,26.7409,193.48,6.6554,5.5926,5.5926,6.6554
20210725.19,121.781,31.9989,5.4409,-16.4647,-1.4777,1.78897,5.654,195,26.3854,192.82,6.6554,5.654,5.654,6.6554
20210725.2,121.781,31.9989,5.4409,-15.9783,-1.4875,1.78614,5.7216,195,26.0254,192.348,6.6554,5.7216,5.7216,6.6554
20210725.21,121.781,31.9989,5.4409,-16.1083,-0.8622,1.78512,5.776,195,25.6798,191.864,7.3171,5.776,5.776,7.3171
20210725.22,121.781,31.9989,5.4409,-16.2871,1.371,1.78573,5.8138,195,25.4175,191.186,7.3171,5.8138,5.8138,7.3171
20210725.23,121.781,31.9989,5.4409,-16.0878,1.0846,1.784,5.8502,195,25.1592,190.677,7.3171,5.8502,5.8502,7.3171
20210726,121.781,31.9989,5.4409,-16.288,1.549,1.78435,5.8705,195,24.9515,190.222,7.3171,5.8705,5.8705,7.3171
20210726.01,121.781,31.9989,5.4409,-16.3104,2.3478,1.78452,5.8806,195,24.8074,189.746,7.3171,5.8806,5.8806,7.3171
20210726.02,121.781,31.9989,5.4409,-16.1007,3.3504,1.78214,5.8878,195,24.731,189.239,8.0444,5.8878,5.8878,8.0444
20210726.03,121.781,31.9989,5.4409,-15.5571,4.7549,1.77629,5.8967,195,24.7295,188.674,8.8441,5.8967,5.8967,8.8441
20210726.04,121.781,31.9989,5.4409,-14.7473,5.2787,1.76641,5.9205,195,24.7166,188.198,8.8441,5.9205,5.9205,8.8441
20210726.05,121.781,31.9989,5.4409,-14.4041,5.8273,1.75972,5.9391,195,24.6977,187.728,8.8441,5.9391,5.9391,8.8441
20210726.06,121.781,31.9989,5.4409,-14.1785,7.1172,1.75741,5.9467,195,24.743,187.162,8.8441,5.9467,5.9467,8.8441
20210726.07,121.781,31.9989,5.4409,-13.3292,7.5124,1.74996,5.976,195,24.7541,186.751,8.8441,5.976,5.976,8.8441
20210726.08,121.781,31.9989,5.4409,-12.6575,6.6893,1.73782,6.0278,195,24.6353,186.631,8.8441,6.0278,6.0278,8.8441
20210726.09,121.781,31.9989,5.4409,-13.0591,6.4653,1.73394,6.0475,185,24.531,186.475,8.8441,6.0475,6.0475,8.8441
20210726.1,121.781,31.9989,5.4409,-14.0537,6.0347,1.73895,6.0321,185,24.431,186.275,8.8441,6.0321,6.0321,8.8441
20210726.11,121.781,31.9989,5.4409,-14.3529,6.106,1.74284,6.0044,185,24.411,186.028,8.8441,6.0044,6.0044,8.8441
20210726.12,121.781,31.9989,5.4409,-13.4462,6.0156,1.73386,6.0036,185,24.3865,185.91,8.8441,6.0036,6.0036,8.8441
20210726.13,121.781,31.9989,5.4409,-12.3977,5.3412,1.71651,6.0206,185,24.3079,185.944,8.0444,6.0206,6.0206,8.0444
20210726.14,121.781,31.9989,5.4409,-12.8256,6.5175,1.71201,5.9906,185,24.3489,185.669,8.0444,5.9906,5.9906,8.0444
20210726.15,121.781,31.9989,5.4409,-12.3527,7.2859,1.70645,5.9687,185,24.4084,185.388,8.0444,5.9687,5.9687,8.0444
20210726.16,121.781,31.9989,5.4409,-12.3064,7.3916,1.69963,5.9436,185,24.4825,185.131,8.0444,5.9436,5.9436,8.0444
20210726.17,121.781,31.9989,5.4409,-13.0474,7.4213,1.69972,5.8994,185,24.5585,184.811,8.0444,5.8994,5.8994,8.0444
20210726.18,121.781,31.9989,5.4409,-13.4531,7.9385,1.7034,5.8382,185,24.6897,184.351,8.0444,5.8382,5.8382,8.0444
20210726.19,121.781,31.9989,5.4409,-12.3141,8.3604,1.69316,5.8164,185,24.7901,184.053,8.0444,5.8164,5.8164,8.0444
20210726.2,121.781,31.9989,5.4409,-11.123,9.6299,1.67697,5.7982,185,24.9799,183.695,8.0444,5.7982,5.7982,8.0444
20210726.21,121.781,31.9989,5.4409,-10.3322,10.404,1.66042,5.7903,185,25.1584,183.405,8.0444,5.7903,5.7903,8.0444
20210726.22,121.781,31.9989,5.4409,-7.5242,11.1021,1.62759,5.8359,185,25.3046,183.549,8.0444,5.8359,5.8359,8.0444
20210726.23,121.781,31.9989,5.4409,-9.2062,9.5259,1.60902,5.8446,185,25.2691,183.595,8.0444,5.8446,5.8446,8.0444
20210727,121.781,31.9989,5.4409,-10.3066,8.6041,1.604,5.8162,185,25.1608,183.419,8.0444,5.8161,5.8161,8.0444
20210727.01,121.781,31.9989,5.4409,-11.0925,8.0449,1.60009,5.7597,185,25.1261,183.016,7.3171,5.7597,5.7597,7.3171
20210727.02,121.781,31.9989,5.4409,-10.7639,7.8074,1.58588,5.71,185,25.1108,182.568,7.3171,5.71,5.71,7.3171
20210727.03,121.781,31.9989,5.4409,-10.5689,8.9888,1.57306,5.6211,185,25.268,181.711,7.3171,5.6211,5.6211,7.3171
20210727.04,121.781,31.9989,5.4409,-9.4877,9.1424,1.54989,5.5743,185,25.3257,181.144,7.3171,5.5743,5.5743,7.3171
20210727.05,121.781,31.9989,5.4409,-8.8972,9.2183,1.52573,5.5381,185,25.3927,180.701,7.3171,5.5381,5.5381,7.3171
20210727.06,121.781,31.9989,5.4409,-9.5955,9.5479,1.51815,5.4899,185,25.4261,180.217,7.3171,5.4899,5.4899,7.3171
20210727.07,121.781,31.9989,5.4409,-9.9995,8.1505,1.51555,5.476,185,25.2763,180.158,7.3171,5.476,5.476,7.3171
20210727.08,121.781,31.9989,5.4409,-10.3296,7.7244,1.51529,5.464,185,25.1612,180.222,7.3171,5.464,5.464,7.3171
20210727.09,121.781,31.9989,5.4409,-10.6383,7.4144,1.51581,5.4407,185,25.1287,180.27,7.3171,5.4407,5.4407,7.3171
20210727.1,121.781,31.9989,5.4409,-10.8537,6.7708,1.5135,5.4158,185,25.0589,180.425,7.3171,5.4158,5.4158,7.3171
20210727.11,121.781,31.9989,5.4409,-11.0288,6.6252,1.51224,5.3825,185,24.9967,180.521,7.3171,5.3825,5.3825,7.3171
20210727.12,121.781,31.9989,5.4409,-11.0694,6.8701,1.51204,5.3477,185,24.9723,180.528,7.3171,5.3477,5.3477,7.3171
20210727.13,121.781,31.9989,5.4409,-10.5156,7.3707,1.50532,5.3322,185,24.9785,180.575,7.3171,5.3322,5.3322,7.3171
20210727.14,121.781,31.9989,5.4409,-10.2704,7.6183,1.49593,5.3232,185,25.0088,180.665,7.3171,5.3232,5.3232,7.3171
20210727.15,121.781,31.9989,5.4409,-10.1843,7.6129,1.4867,5.3227,185,25.0198,180.868,7.3171,5.3227,5.3227,7.3171
20210727.16,121.781,31.9989,5.4409,-10.0588,7.3793,1.47569,5.3218,185,25.0635,181.148,7.3171,5.3218,5.3218,7.3171
20210727.17,121.781,31.9989,5.4409,-9.7859,7.4267,1.4579,5.3178,185,25.1628,181.427,7.3171,5.3178,5.3178,7.3171
20210727.18,121.781,31.9989,5.4409,-9.3796,7.8804,1.43379,5.2913,185,25.3701,181.52,6.6554,5.2913,5.2913,6.6554
20210727.19,121.781,31.9989,5.4409,-8.9241,8.3889,1.40338,5.2509,185,25.6084,181.452,6.6554,5.2509,5.2509,6.6554
20210727.2,121.781,31.9989,5.4409,-8.666,8.2978,1.36977,5.1978,185,25.7935,181.304,6.6554,5.1978,5.1978,6.6554
20210727.21,121.781,31.9989,5.4409,-8.6317,8.1219,1.33747,5.1375,185,25.9139,181.048,6.6554,5.1375,5.1375,6.6554
20210727.22,121.781,31.9989,5.4409,-8.4904,7.413,1.30421,5.0839,185,25.9232,180.89,6.6554,5.0839,5.0839,6.6554
20210727.23,121.781,31.9989,5.4409,-8.1226,7.9429,1.27378,5.0199,185,26.0525,180.503,6.6554,5.0199,5.0199,6.6554
20210728,121.781,31.9989,5.4409,-8.0786,7.6033,1.24447,4.9626,185,26.1165,180.236,6.6554,4.9626,4.9626,6.6554
20210728.01,121.781,31.9989,5.4409,-8.212,6.7132,1.21977,4.9186,185,26.1099,180.228,6.6554,4.9186,4.9186,6.6554
20210728.02,121.781,31.9989,5.4409,-8.4297,6.8778,1.2065,4.8676,185,26.2006,180.238,6.6554,4.8676,4.8676,6.6554
20210728.03,121.781,31.9989,5.4409,-8.0966,7.0452,1.19471,4.8393,185,26.3996,180.465,6.6554,4.8393,4.8393,6.6554
20210728.04,121.781,31.9989,5.4409,-7.4543,7.5965,1.17809,4.8211,185,26.723,180.807,6.6554,4.8211,4.8211,6.6554
20210728.05,121.781,31.9989,5.4409,-7.427,7.7348,1.16047,4.7946,185,27.0721,181.059,6.6554,4.7946,4.7946,6.6554
20210728.06,121.781,31.9989,5.4409,-7.6003,7.7715,1.14726,4.7454,185,27.358,181.021,6.6554,4.7454,4.7454,6.6554
20210728.07,121.781,31.9989,5.4409,-7.704,7.6781,1.13581,4.6968,185,27.5684,180.86,6.6554,4.6968,4.6968,6.6554
20210728.08,121.781,31.9989,5.4409,-7.7706,7.0529,1.12212,4.6576,185,27.6555,180.777,6.0537,4.6576,4.6576,6.0537
20210728.09,121.781,31.9989,5.4409,-7.0787,7.4563,1.10159,4.632,185,27.8409,180.737,6.0537,4.632,4.632,6.0537
20210728.1,121.781,31.9989,5.4409,-6.8134,6.7574,1.07348,4.6182,185,27.9383,180.931,6.0537,4.6182,4.6182,6.0537
20210728.11,121.781,31.9989,5.4409,-7.1149,6.5251,1.04974,4.5769,185,28.0163,180.923,6.0537,4.5769,4.5769,6.0537
20210728.12,121.781,31.9989,5.4409,-6.9866,6.7004,1.03095,4.5262,185,28.1143,180.729,6.0537,4.5262,4.5262,6.0537
20210728.13,121.781,31.9989,5.4409,-6.3842,7.5084,1.01137,4.4786,185,28.3417,180.54,6.0537,4.4786,4.4786,6.0537
20210728.14,121.781,31.9989,5.4409,-6.0923,7.4407,0.98986,4.4378,185,28.5837,180.44,6.0537,4.4378,4.4378,6.0537
20210728.15,121.781,31.9989,5.4409,-5.5985,7.7687,0.96741,4.3971,185,28.8116,180.351,6.0537,4.3971,4.3971,6.0537
20210728.16,121.781,31.9989,5.4409,-5.5036,8.2905,0.95029,4.3312,185,29.0734,179.824,6.0537,4.3312,4.3312,6.0537
20210728.17,121.781,31.9989,5.4409,-5.6158,8.3805,0.93907,4.2494,185,29.2539,178.981,6.0537,4.2494,4.2494,6.0537
20210728.18,121.781,31.9989,5.4409,-5.5936,8.4423,0.93071,4.1801,185,29.3567,178.044,6.0537,4.1801,4.1801,6.0537
20210728.19,121.781,31.9989,5.4409,-5.3514,8.5034,0.92137,4.1321,185,29.4183,177.231,6.0537,4.1321,4.1321,6.0537
20210728.2,121.781,31.9989,5.4409,-5.0714,8.4401,0.90898,4.1026,185,29.4457,176.619,6.0537,4.1026,4.1026,6.0537
20210728.21,121.781,31.9989,5.4409,-4.4532,8.4173,0.89126,4.0934,185,29.5013,176.278,6.0537,4.0934,4.0934,6.0537
20210728.22,121.781,31.9989,5.4409,-3.991,7.382,0.86241,4.121,185,29.4002,176.755,5.5063,4.121,4.121,5.5063
20210728.23,121.781,31.9989,5.4409,-3.9567,7.8807,0.84086,4.0979,185,29.4991,176.573,5.5063,4.0979,4.0979,5.5063
20210729,121.781,31.9989,5.4409,-3.6513,8.6908,0.82773,4.0167,185,29.7865,175.758,5.5063,4.0167,4.0167,5.5063
20210729.01,121.781,31.9989,5.4409,-3.1799,8.4645,0.80824,3.9833,185,29.9428,175.585,5.5063,3.9833,3.9833,5.5063
20210729.02,121.781,31.9989,5.4409,-2.7089,8.4728,0.7878,3.9489,185,30.1606,175.445,5.5063,3.9489,3.9489,5.5063
20210729.03,121.781,31.9989,5.4409,-2.6406,8.0811,0.76681,3.9243,185,30.1994,175.427,5.5063,3.9242,3.9242,5.5063
20210729.04,121.781,31.9989,5.4409,-2.8576,7.7496,0.74884,3.8785,185,30.1883,175.043,5.5063,3.8785,3.8785,5.5063
20210729.05,121.781,31.9989,5.4409,-2.9027,7.2723,0.72865,3.8416,185,30.0072,174.588,5.5063,3.8416,3.8416,5.5063
20210729.06,121.781,31.9989,5.4409,-2.6173,7.0543,0.70599,3.8049,185,29.793,173.929,5.5063,3.8049,3.8049,5.5063
20210729.07,121.781,31.9989,5.4409,-2.2012,6.6197,0.67873,3.7829,185,29.4133,173.403,5.5063,3.7829,3.7829,5.5063
20210729.08,121.781,31.9989,5.4409,-2.2097,5.9731,0.6493,3.7632,185,28.9057,172.875,5.5063,3.7632,3.7632,5.5063
20210729.09,121.781,31.9989,5.4409,-0.8938,6.1114,0.61532,3.755,185,28.5193,172.642,5.5063,3.755,3.755,5.5063
20210729.1,121.781,31.9989,5.4409,-0.268,5.1817,0.57732,3.8011,185,27.9706,172.954,5.5063,3.8011,3.8011,5.5063
20210729.11,121.781,31.9989,5.4409,-0.3006,4.9864,0.54255,3.808,185,27.5015,173.179,5.5063,3.808,3.808,5.5063
20210729.12,121.781,31.9989,5.4409,-0.1083,4.9971,0.51154,3.7698,185,27.1912,173.431,5.0084,3.7698,3.7698,5.0084
20210729.13,121.781,31.9989,5.4409,0.1581,4.5842,0.48217,3.7765,185,26.7602,174.156,5.0084,3.7765,3.7765,5.0084
20210729.14,121.781,31.9989,5.4409,0.792,4.0099,0.45567,3.8187,185,26.1092,175.255,5.0084,3.8187,3.8187,5.0084
20210729.15,121.781,31.9989,5.4409,1.6251,3.211,0.43277,3.8907,185,25.2574,176.519,5.0084,3.8907,3.8907,5.0084
20210729.16,121.781,31.9989,5.4409,2.4234,2.2918,0.41302,3.9799,185,24.3026,177.737,5.0084,3.9799,3.9799,5.0084
20210729.17,121.781,31.9989,5.4409,2.9345,1.2463,0.39518,4.0729,185,23.3422,178.794,5.0084,4.0729,4.0729,5.0084
20210729.18,121.781,31.9989,5.4409,3.025,0.6013,0.3784,4.1579,185,22.4311,179.65,5.0084,4.1579,4.1579,5.0084
20210729.19,121.781,31.9989,5.4409,3.1196,0.3226,0.36251,4.2269,185,21.5569,180.305,5.0084,4.2269,4.2269,5.0084
20210729.2,121.781,31.9989,5.4409,3.1433,0.1344,0.34779,4.272,185,20.7132,180.762,5.0084,4.272,4.272,5.0084
20210729.21,121.781,31.9989,5.4409,3.2319,0.1084,0.33466,4.2958,185,19.9265,181.066,5.0084,4.2958,4.2958,5.0084
20210729.22,121.781,31.9989,5.4409,2.8101,0.4046,0.32339,4.317,185,19.0024,181.266,5.0084,4.317,4.317,5.0084
20210729.23,121.781,31.9989,5.4409,2.7051,0.4369,0.31412,4.3308,185,18.1016,181.394,5.0084,4.3308,4.3308,5.0084
20210730,121.781,31.9989,5.4409,2.6985,0.3039,0.3063,4.3347,185,17.3696,181.488,5.0084,4.3347,4.3347,5.0084
20210730.01,121.781,31.9989,5.4409,2.5384,0.6218,0.29883,4.3383,185,16.7023,181.555,5.0084,4.3383,4.3383,5.0084
20210730.02,121.781,31.9989,5.4409,2.4234,0.9269,0.29092,4.3357,185,16.2071,181.604,5.0084,4.3357,4.3357,5.0084
20210730.03,121.781,31.9989,5.4409,2.2167,1.1807,0.28209,4.3162,185,16.0169,181.628,5.0084,4.3162,4.3162,5.0084
20210730.04,121.781,31.9989,5.4409,1.8168,1.5844,0.27229,4.263,185,16.3002,181.61,5.0084,4.263,4.263,5.0084
20210730.05,121.781,31.9989,5.4409,1.4177,1.8325,0.26189,4.1613,185,17.1327,181.538,5.0084,4.1613,4.1613,5.0084
20210730.06,121.781,31.9989,5.4409,1.0017,1.6922,0.25148,4.0088,185,18.5067,181.458,5.0084,4.0088,4.0088,5.0084
20210730.07,121.781,31.9989,5.4409,0.312,1.8408,0.24167,3.822,185,20.3327,181.438,5.0084,3.822,3.822,5.0084
20210730.08,121.781,31.9989,5.4409,-0.577,2.2157,0.23376,3.5432,175,22.7716,181.227,5.0084,3.5432,3.5432,5.0084
20210730.09,121.781,31.9989,5.4409,-1.1679,2.7901,0.22854,3.2051,175,25.6434,180.651,5.0084,3.2051,3.2051,5.0084
20210730.1,121.781,31.9989,5.4409,-2.0957,2.5537,0.22561,2.8943,175,28.1267,179.467,5.0084,2.8943,2.8943,5.0084
20210730.11,121.781,31.9989,5.4409,-2.1406,3.3762,0.22463,2.6345,175,29.7838,177.329,5.0084,2.6345,2.6345,5.0084
20210730.12,121.781,31.9989,5.4409,-1.8371,3.9531,0.22504,2.4303,175,30.6032,174.393,5.0084,2.4303,2.4303,5.0084
20210730.13,121.781,31.9989,5.4409,-1.2315,4.2222,0.22624,2.2854,175,30.8747,171.094,5.0084,2.2854,2.2854,5.0084
20210730.14,121.781,31.9989,5.4409,-0.866,4.2939,0.22814,2.1889,175,30.5987,167.824,5.0084,2.1889,2.1889,5.0084
20210730.15,121.781,31.9989,5.4409,-0.4933,4.3114,0.23052,2.1224,175,30.057,164.939,5.0084,2.1224,2.1224,5.0084
20210730.16,121.781,31.9989,5.4409,-0.3949,3.6551,0.23165,2.0808,175,28.8394,163.594,5.0084,2.0808,2.0808,5.0084
20210730.17,121.781,31.9989,5.4409,-0.5975,2.9069,0.23078,2.0888,175,27.053,163.67,5.0084,2.0888,2.0888,5.0084
20210730.18,121.781,31.9989,5.4409,-0.6716,2.5138,0.22802,2.115,175,25.7247,164.018,5.0084,2.115,2.115,5.0084
20210730.19,121.781,31.9989,5.4409,-0.7043,1.6789,0.22188,2.1791,175,24.4186,164.833,5.0084,2.1791,2.1791,5.0084
20210730.2,121.781,31.9989,5.4409,-1.0813,0.657,0.21272,2.2494,175,23.4467,165.802,5.0084,2.2494,2.2494,5.0084
20210730.21,121.781,31.9989,5.4409,-1.5546,-0.0412,0.20243,2.3187,175,22.6353,166.771,4.5556,2.3187,2.3187,4.5556
20210730.22,121.781,31.9989,5.4409,-1.7352,-0.4078,0.19197,2.3783,175,21.9717,167.76,4.5556,2.3783,2.3783,4.5556
20210730.23,121.781,31.9989,5.4409,-1.7845,-1.8111,0.18212,2.4119,175,21.6348,168.972,4.5556,2.4119,2.4119,4.5556
20210731,121.781,31.9989,5.4409,-1.8612,-2.5813,0.17436,2.3833,175,22.2922,170.796,4.5556,2.3833,2.3833,4.5556
20210731.01,121.781,31.9989,5.4409,-2.856,-3.0068,0.17189,2.209,175,24.103,173.777,4.1436,2.209,2.209,4.1436
20210731.02,121.781,31.9989,5.4409,-3.3091,-2.1369,0.17599,1.975,175,25.7624,176.837,4.1436,1.975,1.975,4.1436
20210731.03,121.781,31.9989,5.4409,-3.4162,-2.0821,0.18584,1.808,175,27.444,179.01,4.1436,1.808,1.808,4.1436
20210731.04,121.781,31.9989,5.4409,-3.3155,-2.0307,0.19575,1.7838,175,28.6273,180.565,3.769,1.7838,1.7838,3.769
20210731.05,121.781,31.9989,5.4409,-3.4453,-1.375,0.2052,1.7851,175,28.3448,181.747,3.769,1.7851,1.7851,3.769
20210731.06,121.781,31.9989,5.4409,-3.0795,-0.3784,0.21069,1.823,175,27.7905,181.86,3.769,1.823,1.823,3.769
20210731.07,121.781,31.9989,5.4409,-3.227,-0.5392,0.21519,1.8295,175,27.2279,182.227,3.4282,1.8295,1.8295,3.4282
20210731.08,121.781,31.9989,5.4409,-2.9221,0.1448,0.21445,1.8756,175,27.1602,182.341,3.4282,1.8756,1.8756,3.4282
20210731.09,121.781,31.9989,5.4409,-2.4316,0.4985,0.20948,1.9383,175,27.481,182.52,3.4282,1.9383,1.9383,3.4282
20210731.1,121.781,31.9989,5.4409,-2.6222,0.3874,0.20552,1.9784,175,27.3562,182.765,3.4282,1.9784,1.9784,3.4282
20210731.11,121.781,31.9989,5.4409,-2.8706,1.916,0.20769,1.9477,175,27.453,180.671,3.4282,1.9477,1.9477,3.4282
20210731.12,121.781,31.9989,5.4409,-2.6939,4.1283,0.21464,1.8982,175,27.747,176.972,3.4282,1.8982,1.8982,3.4282
20210731.13,121.781,31.9989,5.4409,-1.7544,4.8868,0.21852,1.8708,175,28.3166,173.777,3.4282,1.8708,1.8708,3.4282
20210731.14,121.781,31.9989,5.4409,-0.7523,5.0623,0.21548,1.8641,175,29.2988,171.39,2.1344,1.8641,1.8641,2.1344
20210731.15,121.781,31.9989,5.4409,-0.2092,4.759,0.20603,1.858,175,30.3519,169.757,2.1344,1.858,1.858,2.1344
20210731.16,121.781,31.9989,5.4409,-0.0912,4.1707,0.19494,1.832,175,31.1521,168.356,2.3465,1.832,1.832,2.3465
20210731.17,121.781,31.9989,5.4409,-0.081,3.8885,0.18652,1.7989,175,31.6593,166.069,2.3465,1.7989,1.7989,2.3465
20210731.18,121.781,31.9989,5.4409,-0.3471,3.693,0.18093,1.7583,175,31.2824,163.38,2.3465,1.7583,1.7583,2.3465
20210731.19,121.781,31.9989,5.4409,-0.5689,3.2622,0.17412,1.7547,175,30.0489,161.726,2.5798,1.7547,1.7547,2.5798
20210731.2,121.781,31.9989,5.4409,-0.5357,3.9439,0.17361,1.6966,175,29.3265,157.972,2.5798,1.6966,1.6966,2.5798
20210731.21,121.781,31.9989,5.4409,-0.346,4.0405,0.17284,1.6637,145,28.2367,154.904,2.5798,1.6637,1.6637,2.5798
20210731.22,121.781,31.9989,5.4409,0.0697,2.8194,0.16505,1.7081,155,26.3979,154.012,2.8363,1.7081,1.7081,2.8363
20210731.23,121.781,31.9989,5.4409,-0.2068,2.251,0.15639,1.7607,145,24.1727,153.217,2.8363,1.7607,1.7607,2.8363
20210715,121.784,32.0009,4.9904,-0.8667,7.6218,0.01815,1.6134,95,31.5042,96.481,1.9414,1.6134,1.6134,1.9414
20210715.01,121.784,32.0009,4.9904,-1.4567,7.3187,0.05547,1.1597,115,29.0947,107.439,1.9414,1.1597,1.1597,1.9414
20210715.02,121.784,32.0009,4.9904,-2.3899,7.2414,0.08735,1.184,145,29.5552,115.163,1.6062,1.184,1.184,1.6062
20210715.03,121.784,32.0009,4.9904,-2.9206,7.6586,0.11988,1.2484,145,29.7202,121.004,1.9414,1.2484,1.2484,1.9414
20210715.04,121.784,32.0009,4.9904,-2.8173,7.9748,0.15291,1.3159,145,29.6452,125.777,1.9414,1.3159,1.3159,1.9414
20210715.05,121.784,32.0009,4.9904,-2.9394,8.0117,0.18588,1.4007,145,28.8941,130.483,1.9414,1.4007,1.4007,1.9414
20210715.06,121.784,32.0009,4.9904,-3.002,7.9681,0.21802,1.5227,145,27.3557,134.421,1.9414,1.5227,1.5227,1.9414
20210715.07,121.784,32.0009,4.9904,-2.834,7.7646,0.24972,1.6449,145,25.6424,136.745,2.1344,1.6449,1.6449,2.1344
20210715.08,121.784,32.0009,4.9904,-2.7681,7.3739,0.27856,1.7722,145,24.1776,138.524,2.5798,1.7722,1.7722,2.5798
20210715.09,121.784,32.0009,4.9904,-3.0933,6.9305,0.30791,1.8909,145,22.9184,140.531,2.5798,1.8909,1.8909,2.5798
20210715.1,121.784,32.0009,4.9904,-2.8325,5.939,0.32381,2.005,145,21.9926,141.969,2.8363,2.005,2.005,2.8363
20210715.11,121.784,32.0009,4.9904,-3.6789,6.6198,0.35669,2.0838,145,21.2176,143.202,2.8363,2.0838,2.0838,2.8363
20210715.12,121.784,32.0009,4.9904,-4.3139,7.3023,0.40036,2.1696,145,20.8443,144.265,2.8363,2.1696,2.1696,2.8363
20210715.13,121.784,32.0009,4.9904,-5.1399,7.6342,0.44889,2.2769,145,20.6522,145.542,3.1182,2.2769,2.2769,3.1182
20210715.14,121.784,32.0009,4.9904,-4.7789,7.8415,0.48509,2.3994,145,20.8099,146.239,3.1182,2.3994,2.3994,3.1182
20210715.15,121.784,32.0009,4.9904,-4.2068,7.7714,0.5048,2.512,145,20.8861,146.778,3.1182,2.512,2.512,3.1182
20210715.16,121.784,32.0009,4.9904,-3.4175,7.8598,0.51314,2.6111,155,20.9434,147.04,3.4282,2.6111,2.6111,3.4282
20210715.17,121.784,32.0009,4.9904,-3.0522,7.7457,0.51881,2.6887,155,20.9153,147.383,3.769,2.6887,2.6887,3.769
20210715.18,121.784,32.0009,4.9904,-2.9049,7.4661,0.52202,2.737,155,20.9499,147.713,3.769,2.737,2.737,3.769
20210715.19,121.784,32.0009,4.9904,-3.1259,7.5338,0.53039,2.7551,145,20.9127,147.9,3.769,2.7551,2.7551,3.769
20210715.2,121.784,32.0009,4.9904,-3.1528,7.704,0.53863,2.7719,145,20.9958,147.881,3.769,2.7719,2.7719,3.769
20210715.21,121.784,32.0009,4.9904,-3.0386,7.4535,0.53447,2.7796,145,21.2507,147.852,3.769,2.7796,2.7796,3.769
20210715.22,121.784,32.0009,4.9904,-2.5374,6.6199,0.50548,2.7924,145,21.6004,147.92,3.769,2.7924,2.7924,3.769
20210715.23,121.784,32.0009,4.9904,-3.4863,6.2141,0.49604,2.7284,145,21.1248,147.693,3.769,2.7284,2.7284,3.769
20210716,121.784,32.0009,4.9904,-3.9323,6.07,0.49277,2.6727,145,20.6024,147.476,3.769,2.6727,2.6727,3.769
20210716.01,121.784,32.0009,4.9904,-4.2231,6.3949,0.49792,2.6273,145,20.2563,147.155,3.769,2.6273,2.6273,3.769
20210716.02,121.784,32.0009,4.9904,-4.215,6.4676,0.49705,2.6176,145,20.086,146.956,3.4282,2.6176,2.6176,3.4282
20210716.03,121.784,32.0009,4.9904,-4.316,6.2402,0.49444,2.6117,145,19.9418,146.897,3.4282,2.6117,2.6117,3.4282
20210716.04,121.784,32.0009,4.9904,-4.5271,5.9996,0.49473,2.6091,145,19.7289,147.111,3.4282,2.6091,2.6091,3.4282
20210716.05,121.784,32.0009,4.9904,-4.4889,5.9857,0.49282,2.6142,145,19.6922,147.29,3.4282,2.6142,2.6142,3.4282
20210716.06,121.784,32.0009,4.9904,-4.8316,5.6479,0.4957,2.6161,145,19.5783,147.781,3.4282,2.6161,2.6161,3.4282
20210716.07,121.784,32.0009,4.9904,-5.2018,5.5599,0.50244,2.6224,145,19.5307,148.385,3.4282,2.6224,2.6224,3.4282
20210716.08,121.784,32.0009,4.9904,-5.2543,5.7204,0.51296,2.6391,145,19.6042,148.92,3.4282,2.6391,2.6391,3.4282
20210716.09,121.784,32.0009,4.9904,-4.87,5.7286,0.50716,2.6645,155,19.9268,149.378,3.4282,2.6645,2.6645,3.4282
20210716.1,121.784,32.0009,4.9904,-3.3866,6.4133,0.48474,2.6797,155,20.6135,149.075,3.4282,2.6797,2.6797,3.4282
20210716.11,121.784,32.0009,4.9904,-3.0461,5.3863,0.45259,2.6783,155,21.0883,149.529,3.4282,2.6783,2.6783,3.4282
20210716.12,121.784,32.0009,4.9904,-3.4473,5.046,0.4347,2.6214,145,21.0926,150.134,3.4282,2.6214,2.6214,3.4282
20210716.13,121.784,32.0009,4.9904,-4.2342,5.0202,0.43751,2.5537,145,20.7851,150.684,3.4282,2.5537,2.5537,3.4282
20210716.14,121.784,32.0009,4.9904,-4.4246,4.9591,0.43897,2.5015,145,20.9561,151.157,3.4282,2.5015,2.5015,3.4282
20210716.15,121.784,32.0009,4.9904,-4.5957,5.2501,0.44403,2.4797,145,21.1055,151.297,3.4282,2.4797,2.4797,3.4282
20210716.16,121.784,32.0009,4.9904,-5.0155,5.5081,0.45675,2.4825,155,20.9813,151.566,3.4282,2.4825,2.4825,3.4282
20210716.17,121.784,32.0009,4.9904,-5.5438,5.8889,0.48202,2.5082,155,20.8599,151.856,3.4282,2.5082,2.5082,3.4282
20210716.18,121.784,32.0009,4.9904,-5.7521,6.361,0.50949,2.5546,155,20.9278,152.15,3.4282,2.5546,2.5546,3.4282
20210716.19,121.784,32.0009,4.9904,-5.7436,6.7276,0.53509,2.6192,155,21.1061,152.478,3.4282,2.6192,2.6192,3.4282
20210716.2,121.784,32.0009,4.9904,-5.126,6.7477,0.53946,2.687,155,21.548,152.824,3.4282,2.687,2.687,3.4282
20210716.21,121.784,32.0009,4.9904,-4.0703,6.6386,0.52664,2.7497,155,22.0066,153.044,3.4282,2.7497,2.7497,3.4282
20210716.22,121.784,32.0009,4.9904,-3.2233,6.0378,0.50311,2.7922,155,22.5838,153.64,3.4282,2.7922,2.7922,3.4282
20210716.23,121.784,32.0009,4.9904,-2.9391,5.4911,0.48111,2.8266,165,22.8657,154.71,3.4282,2.8266,2.8266,3.4282
20210717,121.784,32.0009,4.9904,-3.4575,5.2498,0.47413,2.7979,155,22.9287,155.23,3.4282,2.7979,2.7979,3.4282
20210717.01,121.784,32.0009,4.9904,-4.2683,4.998,0.47712,2.7444,145,22.6978,155.752,3.4282,2.7444,2.7444,3.4282
20210717.02,121.784,32.0009,4.9904,-4.803,4.985,0.48363,2.6796,155,22.6683,155.951,3.4282,2.6796,2.6796,3.4282
20210717.03,121.784,32.0009,4.9904,-4.812,4.8083,0.47797,2.6497,155,22.7373,156.145,3.4282,2.6497,2.6497,3.4282
20210717.04,121.784,32.0009,4.9904,-5.5136,4.4603,0.48041,2.6038,155,22.4807,156.279,3.4282,2.6038,2.6038,3.4282
20210717.05,121.784,32.0009,4.9904,-6.1802,4.3762,0.49264,2.5799,155,22.0352,156.457,3.4282,2.5799,2.5799,3.4282
20210717.06,121.784,32.0009,4.9904,-6.3268,4.6075,0.50462,2.5906,165,21.8708,156.704,3.4282,2.5906,2.5906,3.4282
20210717.07,121.784,32.0009,4.9904,-5.2759,4.8282,0.49129,2.6347,165,22.0969,156.816,3.4282,2.6347,2.6347,3.4282
20210717.08,121.784,32.0009,4.9904,-4.8607,4.606,0.47149,2.6509,165,22.4242,157.087,3.4282,2.6509,2.6509,3.4282
20210717.09,121.784,32.0009,4.9904,-4.6451,4.4697,0.4556,2.6407,165,22.6207,157.472,3.4282,2.6407,2.6407,3.4282
20210717.1,121.784,32.0009,4.9904,-4.5526,3.3026,0.42981,2.6223,175,22.9858,158.879,3.4282,2.6223,2.6223,3.4282
20210717.11,121.784,32.0009,4.9904,-4.7681,3.0047,0.4145,2.5654,175,22.905,159.85,3.4282,2.5654,2.5654,3.4282
20210717.12,121.784,32.0009,4.9904,-5.1088,2.977,0.41057,2.4797,175,22.7583,160.243,3.4282,2.4797,2.4797,3.4282
20210717.13,121.784,32.0009,4.9904,-5.4964,3.0342,0.41559,2.417,175,22.6137,160.351,3.4282,2.417,2.417,3.4282
20210717.14,121.784,32.0009,4.9904,-5.7234,2.9585,0.41979,2.3981,175,22.5925,160.714,3.1182,2.3981,2.3981,3.1182
20210717.15,121.784,32.0009,4.9904,-5.525,3.1828,0.42035,2.4131,175,22.5009,160.895,3.1182,2.4131,2.4131,3.1182
20210717.16,121.784,32.0009,4.9904,-5.2091,3.3639,0.41417,2.4308,175,22.6546,161.083,3.1182,2.4308,2.4308,3.1182
20210717.17,121.784,32.0009,4.9904,-4.9015,3.5603,0.40867,2.45,175,22.7786,161.238,3.1182,2.45,2.45,3.1182
20210717.18,121.784,32.0009,4.9904,-4.1991,3.7492,0.39218,2.4663,175,23.4232,161.5,3.1182,2.4663,2.4663,3.1182
20210717.19,121.784,32.0009,4.9904,-3.704,3.5871,0.37262,2.467,175,23.9374,162.127,3.1182,2.467,2.467,3.1182
20210717.2,121.784,32.0009,4.9904,-3.7344,3.3159,0.35761,2.4331,175,24.2784,162.568,3.1182,2.4331,2.4331,3.1182
20210717.21,121.784,32.0009,4.9904,-3.6287,3.079,0.3432,2.3898,175,24.3059,163.059,3.1182,2.3898,2.3898,3.1182
20210717.22,121.784,32.0009,4.9904,-3.0499,2.5981,0.3182,2.3718,175,24.552,163.994,3.1182,2.3718,2.3718,3.1182
20210717.23,121.784,32.0009,4.9904,-3.7821,2.0471,0.30439,2.2605,175,24.0071,164.582,3.1182,2.2605,2.2605,3.1182
20210718,121.784,32.0009,4.9904,-4.2254,1.8754,0.30009,2.1335,175,23.5501,164.533,3.1182,2.1335,2.1335,3.1182
20210718.01,121.784,32.0009,4.9904,-3.9936,2.0195,0.28991,2.0637,175,23.7199,164.58,3.1182,2.0637,2.0637,3.1182
20210718.02,121.784,32.0009,4.9904,-3.8069,1.9158,0.27483,2.0047,175,24.086,164.576,3.1182,2.0047,2.0047,3.1182
20210718.03,121.784,32.0009,4.9904,-3.7138,1.6375,0.25808,1.9587,175,24.2026,165.178,2.8363,1.9587,1.9587,2.8363
20210718.04,121.784,32.0009,4.9904,-3.7541,1.2447,0.24479,1.89,175,24.3962,166.117,2.8363,1.89,1.89,2.8363
20210718.05,121.784,32.0009,4.9904,-3.857,0.9914,0.23505,1.8331,175,24.3518,167.304,2.5798,1.8331,1.8331,2.5798
20210718.06,121.784,32.0009,4.9904,-4.3751,0.9226,0.23828,1.7947,175,24.1446,168.351,2.5798,1.7947,1.7947,2.5798
20210718.07,121.784,32.0009,4.9904,-5.1261,0.8739,0.25468,1.7841,175,24.1678,168.893,2.3465,1.7841,1.7841,2.3465
20210718.08,121.784,32.0009,4.9904,-5.8116,0.8112,0.27578,1.8239,175,24.2872,169.673,2.3465,1.8239,1.8239,2.3465
20210718.09,121.784,32.0009,4.9904,-6.1421,1.2168,0.29712,1.8882,175,24.3986,169.376,2.3465,1.8882,1.8882,2.3465
20210718.1,121.784,32.0009,4.9904,-5.8432,1.7766,0.31192,1.9715,175,24.3161,168.941,2.5798,1.9715,1.9715,2.5798
20210718.11,121.784,32.0009,4.9904,-5.6008,2.1944,0.32548,2.0484,175,24.1469,168.13,2.5798,2.0484,2.0484,2.5798
20210718.12,121.784,32.0009,4.9904,-4.7601,2.875,0.3258,2.1271,175,24.3707,167.032,2.5798,2.1272,2.1272,2.5798
20210718.13,121.784,32.0009,4.9904,-3.9668,3.3292,0.32153,2.1832,155,24.9205,165.955,2.5798,2.1832,2.1832,2.5798
20210718.14,121.784,32.0009,4.9904,-3.2919,3.4127,0.31124,2.2323,155,25.6399,165.682,2.5798,2.2323,2.2323,2.5798
20210718.15,121.784,32.0009,4.9904,-2.9989,3.0508,0.30032,2.2647,155,26.1675,165.853,2.8363,2.2647,2.2647,2.8363
20210718.16,121.784,32.0009,4.9904,-3.2875,2.5844,0.29147,2.2516,155,26.0957,166.003,3.1182,2.2516,2.2516,3.1182
20210718.17,121.784,32.0009,4.9904,-3.2936,2.596,0.2853,2.2064,155,25.9367,165.542,3.1182,2.2064,2.2064,3.1182
20210718.18,121.784,32.0009,4.9904,-3.5901,2.4906,0.28099,2.1355,175,25.4518,164.938,3.1182,2.1355,2.1355,3.1182
20210718.19,121.784,32.0009,4.9904,-4.1694,2.4731,0.28696,2.05,175,24.6985,163.652,2.8363,2.05,2.05,2.8363
20210718.2,121.784,32.0009,4.9904,-4.4883,2.6657,0.29662,2.0103,175,23.9987,162.601,2.8363,2.0103,2.0103,2.8363
20210718.21,121.784,32.0009,4.9904,-4.3659,2.6021,0.29857,2.0168,175,23.8317,162.085,2.8363,2.0168,2.0168,2.8363
20210718.22,121.784,32.0009,4.9904,-3.5109,2.6811,0.28148,2.0408,175,24.0916,162.214,2.8363,2.0408,2.0408,2.8363
20210718.23,121.784,32.0009,4.9904,-3.9596,2.1315,0.27686,2.0132,175,23.8156,162.867,2.8363,2.0132,2.0132,2.8363
20210719,121.784,32.0009,4.9904,-4.1247,2.066,0.279,1.9999,175,23.4404,163.731,2.5798,1.9999,1.9999,2.5798
20210719.01,121.784,32.0009,4.9904,-4.1325,1.9939,0.27975,2.0081,175,23.4492,164.508,2.5798,2.0081,2.0081,2.5798
20210719.02,121.784,32.0009,4.9904,-4.4126,1.9332,0.28538,2.0092,175,23.3817,165.137,2.8363,2.0092,2.0092,2.8363
20210719.03,121.784,32.0009,4.9904,-4.9586,1.7063,0.30029,2.0193,175,23.23,165.882,2.5798,2.0193,2.0193,2.5798
20210719.04,121.784,32.0009,4.9904,-5.4474,1.6989,0.32069,2.0501,175,23.0098,166.594,2.8363,2.0501,2.0501,2.8363
20210719.05,121.784,32.0009,4.9904,-5.412,2.2166,0.33681,2.1101,175,23.013,166.482,2.8363,2.1101,2.1101,2.8363
20210719.06,121.784,32.0009,4.9904,-5.1988,2.6627,0.34586,2.1681,175,23.076,166.182,2.8363,2.1681,2.1681,2.8363
20210719.07,121.784,32.0009,4.9904,-5.085,3.1766,0.35424,2.2191,175,23.3748,165.403,2.8363,2.2191,2.2191,2.8363
20210719.08,121.784,32.0009,4.9904,-4.8756,3.4576,0.35931,2.2558,175,23.7431,164.743,2.8363,2.2558,2.2558,2.8363
20210719.09,121.784,32.0009,4.9904,-4.6009,3.2946,0.35662,2.2845,175,24.1,164.636,2.8363,2.2845,2.2845,2.8363
20210719.1,121.784,32.0009,4.9904,-3.9047,2.9091,0.3386,2.3135,175,24.6144,165.442,2.8363,2.3135,2.3135,2.8363
20210719.11,121.784,32.0009,4.9904,-4.4507,2.6838,0.33875,2.271,175,24.4496,165.34,3.1182,2.271,2.271,3.1182
20210719.12,121.784,32.0009,4.9904,-5.3353,3.528,0.36404,2.225,175,23.8905,163.937,3.1182,2.225,2.225,3.1182
20210719.13,121.784,32.0009,4.9904,-4.94,3.6076,0.37328,2.2541,175,23.8897,163.231,3.1182,2.2541,2.2541,3.1182
20210719.14,121.784,32.0009,4.9904,-4.7615,3.3863,0.37204,2.2831,175,23.9984,163.465,3.1182,2.2831,2.2831,3.1182
20210719.15,121.784,32.0009,4.9904,-4.7087,3.3451,0.37411,2.3066,175,23.9911,163.467,3.1182,2.3066,2.3066,3.1182
20210719.16,121.784,32.0009,4.9904,-5.038,3.4448,0.38642,2.3358,175,23.6829,163.773,3.1182,2.3358,2.3358,3.1182
20210719.17,121.784,32.0009,4.9904,-5.089,3.6395,0.40072,2.3737,175,23.7129,163.904,3.1182,2.3737,2.3737,3.1182
20210719.18,121.784,32.0009,4.9904,-5.3184,3.6728,0.41474,2.4189,175,23.6761,164.354,3.1182,2.4189,2.4189,3.1182
20210719.19,121.784,32.0009,4.9904,-5.3563,3.3247,0.42578,2.4641,175,23.7868,164.978,3.1182,2.4641,2.4641,3.1182
20210719.2,121.784,32.0009,4.9904,-5.6509,3.0409,0.43733,2.5024,175,23.6604,165.865,3.1182,2.5024,2.5024,3.1182
20210719.21,121.784,32.0009,4.9904,-6.1628,2.7296,0.45737,2.536,175,23.4572,166.65,3.4282,2.536,2.536,3.4282
20210719.22,121.784,32.0009,4.9904,-5.8904,1.867,0.4583,2.5955,175,23.272,168.515,3.4282,2.5955,2.5955,3.4282
20210719.23,121.784,32.0009,4.9904,-6.6977,2.1002,0.48306,2.6206,175,22.9064,169.387,3.4282,2.6206,2.6206,3.4282
20210720,121.784,32.0009,4.9904,-6.6817,2.7237,0.50418,2.6798,175,22.8317,169.838,3.4282,2.6798,2.6798,3.4282
20210720.01,121.784,32.0009,4.9904,-6.4863,3.1323,0.51716,2.7481,185,22.9805,170.132,3.4282,2.7481,2.7481,3.4282
20210720.02,121.784,32.0009,4.9904,-6.4543,3.1233,0.52541,2.8035,185,23.1623,170.443,3.4282,2.8035,2.8035,3.4282
20210720.03,121.784,32.0009,4.9904,-6.2927,2.7103,0.52743,2.8509,185,23.2315,171.064,3.769,2.8509,2.8509,3.769
20210720.04,121.784,32.0009,4.9904,-6.3875,2.4779,0.52914,2.8784,185,23.1981,171.609,3.769,2.8784,2.8784,3.769
20210720.05,121.784,32.0009,4.9904,-6.7896,2.4389,0.53994,2.8736,175,23.0234,171.806,3.769,2.8736,2.8736,3.769
20210720.06,121.784,32.0009,4.9904,-7.1511,2.3046,0.55352,2.8745,175,22.829,172.095,3.769,2.8745,2.8745,3.769
20210720.07,121.784,32.0009,4.9904,-7.2158,2.1174,0.56311,2.8916,175,22.6741,172.453,3.769,2.8916,2.8916,3.769
20210720.08,121.784,32.0009,4.9904,-7.1539,2.0515,0.5674,2.9177,175,22.5467,172.849,3.769,2.9177,2.9177,3.769
20210720.09,121.784,32.0009,4.9904,-6.9961,1.9741,0.56753,2.9445,185,22.4874,173.202,3.769,2.9445,2.9445,3.769
20210720.1,121.784,32.0009,4.9904,-6.809,1.6136,0.56302,2.9768,185,22.3203,173.87,3.769,2.9768,2.9768,3.769
20210720.11,121.784,32.0009,4.9904,-7.3402,1.778,0.57547,2.9716,175,22.195,174.01,3.769,2.9716,2.9716,3.769
20210720.12,121.784,32.0009,4.9904,-7.2957,1.9975,0.58684,3.0004,175,22.103,174.035,3.769,3.0004,3.0004,3.769
20210720.13,121.784,32.0009,4.9904,-7.303,2.0514,0.59624,3.0326,175,22.1101,174.144,3.769,3.0326,3.0326,3.769
20210720.14,121.784,32.0009,4.9904,-6.9943,2.0831,0.59657,3.0794,175,22.074,174.395,3.769,3.0794,3.0794,3.769
20210720.15,121.784,32.0009,4.9904,-6.888,1.8893,0.59461,3.1047,175,22.0996,174.682,3.769,3.1047,3.1047,3.769
20210720.16,121.784,32.0009,4.9904,-7.4776,1.9941,0.60756,3.0913,175,22.047,174.654,3.769,3.0913,3.0913,3.769
20210720.17,121.784,32.0009,4.9904,-7.7975,2.2318,0.62793,3.0876,175,22.0421,174.328,3.769,3.0876,3.0876,3.769
20210720.18,121.784,32.0009,4.9904,-7.3756,2.2168,0.6305,3.1338,175,22.0564,174.447,3.769,3.1338,3.1338,3.769
20210720.19,121.784,32.0009,4.9904,-6.481,1.8164,0.60973,3.1931,185,22.1739,174.974,3.769,3.1931,3.1931,3.769
20210720.2,121.784,32.0009,4.9904,-5.856,1.132,0.57836,3.236,185,22.1549,176.138,3.769,3.236,3.236,3.769
20210720.21,121.784,32.0009,4.9904,-5.6399,0.2378,0.54982,3.2528,185,21.9374,177.48,4.1436,3.2528,3.2528,4.1436
20210720.22,121.784,32.0009,4.9904,-4.9267,-0.2685,0.5179,3.2769,185,21.8449,178.677,4.1436,3.2769,3.2769,4.1436
20210720.23,121.784,32.0009,4.9904,-5.4787,-1.0693,0.49874,3.185,185,21.7928,179.79,4.1436,3.185,3.185,4.1436
20210721,121.784,32.0009,4.9904,-5.9153,-1.4266,0.4914,3.0111,185,22.0123,180.875,4.1436,3.0111,3.0111,4.1436
20210721.01,121.784,32.0009,4.9904,-6.1729,-0.9793,0.49109,2.844,185,22.4611,181.535,3.769,2.844,2.844,3.769
20210721.02,121.784,32.0009,4.9904,-6.1057,-0.9833,0.48679,2.7489,185,23.1342,182.317,3.769,2.7489,2.7489,3.769
20210721.03,121.784,32.0009,4.9904,-5.7846,-1.5189,0.47605,2.7072,185,23.8077,183.729,3.769,2.7072,2.7072,3.769
20210721.04,121.784,32.0009,4.9904,-5.4296,-1.955,0.46118,2.6976,175,24.4898,185.412,3.4282,2.6976,2.6976,3.4282
20210721.05,121.784,32.0009,4.9904,-5.291,-2.3103,0.45131,2.6755,175,25.2584,187.343,3.4282,2.6755,2.6755,3.4282
20210721.06,121.784,32.0009,4.9904,-4.9849,-2.8576,0.4422,2.6526,185,26.2103,189.573,3.4282,2.6526,2.6526,3.4282
20210721.07,121.784,32.0009,4.9904,-4.6762,-3.3243,0.43684,2.6202,185,27.427,192.324,3.4282,2.6202,2.6202,3.4282
20210721.08,121.784,32.0009,4.9904,-4.5405,-3.7087,0.43576,2.593,185,28.3637,195.246,3.4282,2.5931,2.5931,3.4282
20210721.09,121.784,32.0009,4.9904,-4.7894,-3.939,0.44748,2.5771,185,28.9732,198.187,3.1182,2.5771,2.5771,3.1182
20210721.1,121.784,32.0009,4.9904,-4.5379,-2.9116,0.45408,2.6426,185,28.7594,198.786,3.1182,2.6426,2.6426,3.1182
20210721.11,121.784,32.0009,4.9904,-5.7029,-2.7408,0.47798,2.6712,185,28.2535,198.401,3.1182,2.6712,2.6712,3.1182
20210721.12,121.784,32.0009,4.9904,-6.3769,-1.9827,0.5088,2.7074,185,27.657,197.077,3.1182,2.7073,2.7073,3.1182
20210721.13,121.784,32.0009,4.9904,-6.7258,-1.4454,0.53616,2.7703,185,27.1237,194.916,3.1182,2.7703,2.7703,3.1182
20210721.14,121.784,32.0009,4.9904,-7.0514,-1.1706,0.56401,2.8388,185,26.6371,192.908,3.1182,2.8388,2.8388,3.1182
20210721.15,121.784,32.0009,4.9904,-6.9979,-1.1676,0.58407,2.9271,185,26.2839,191.056,3.1182,2.9271,2.9271,3.1182
20210721.16,121.784,32.0009,4.9904,-6.8558,-1.2493,0.59791,3.013,185,25.9243,189.685,3.4282,3.013,3.013,3.4282
20210721.17,121.784,32.0009,4.9904,-7.0034,-1.1152,0.6127,3.0821,185,25.5643,188.406,3.4282,3.0821,3.0821,3.4282
20210721.18,121.784,32.0009,4.9904,-7.2014,-0.9811,0.62996,3.1382,185,25.1528,187.306,3.4282,3.1382,3.1382,3.4282
20210721.19,121.784,32.0009,4.9904,-7.0994,-1.1372,0.64121,3.1974,185,24.8008,186.717,3.4282,3.1974,3.1974,3.4282
20210721.2,121.784,32.0009,4.9904,-6.9725,-1.474,0.64636,3.2516,185,24.6104,186.689,3.769,3.2516,3.2516,3.769
20210721.21,121.784,32.0009,4.9904,-6.9252,-1.905,0.65219,3.2856,185,24.4155,187.053,3.769,3.2856,3.2856,3.769
20210721.22,121.784,32.0009,4.9904,-6.5481,-2.2487,0.65015,3.3253,185,24.5021,187.741,3.769,3.3253,3.3253,3.769
20210721.23,121.784,32.0009,4.9904,-7.1002,-2.2889,0.6587,3.312,185,24.4782,188.217,3.769,3.312,3.312,3.769
20210722,121.784,32.0009,4.9904,-7.8136,-2.0188,0.68233,3.2803,185,24.4831,188.202,3.769,3.2803,3.2803,3.769
20210722.01,121.784,32.0009,4.9904,-7.7287,-1.9244,0.69937,3.3016,185,24.4024,188.182,3.769,3.3016,3.3016,3.769
20210722.02,121.784,32.0009,4.9904,-7.5142,-2.2891,0.70852,3.3493,185,24.4213,188.655,3.769,3.3493,3.3493,3.769
20210722.03,121.784,32.0009,4.9904,-7.8584,-2.0935,0.72207,3.3732,185,24.4593,188.62,3.769,3.3732,3.3732,3.769
20210722.04,121.784,32.0009,4.9904,-7.8726,-1.7171,0.73402,3.4048,185,24.5227,188.56,3.769,3.4048,3.4048,3.769
20210722.05,121.784,32.0009,4.9904,-7.3159,-1.7481,0.72746,3.4616,185,24.5959,188.75,3.769,3.4616,3.4616,3.769
20210722.06,121.784,32.0009,4.9904,-7.103,-1.7269,0.71814,3.4865,185,24.7179,189.173,3.769,3.4865,3.4865,3.769
20210722.07,121.784,32.0009,4.9904,-7.0652,-1.7031,0.70769,3.4904,185,24.8035,189.405,3.769,3.4904,3.4904,3.769
20210722.08,121.784,32.0009,4.9904,-7.2069,-1.6356,0.70419,3.4628,185,24.8264,189.61,3.769,3.4628,3.4628,3.769
20210722.09,121.784,32.0009,4.9904,-7.2552,-1.755,0.70114,3.4446,185,24.8371,189.596,3.769,3.4445,3.4445,3.769
20210722.1,121.784,32.0009,4.9904,-7.6569,-1.5242,0.71139,3.4045,185,24.7439,189.308,3.769,3.4045,3.4045,3.769
20210722.11,121.784,32.0009,4.9904,-7.5698,-0.8087,0.71788,3.4139,185,24.7029,188.494,3.769,3.4139,3.4139,3.769
20210722.12,121.784,32.0009,4.9904,-7.1644,-0.8426,0.71701,3.4429,185,24.5481,188.052,3.769,3.4429,3.4429,3.769
20210722.13,121.784,32.0009,4.9904,-7.4944,-0.7139,0.72094,3.4633,185,24.3313,187.292,3.769,3.4633,3.4633,3.769
20210722.14,121.784,32.0009,4.9904,-7.3162,-0.8441,0.72354,3.4889,185,24.0904,186.783,3.769,3.4889,3.4889,3.769
20210722.15,121.784,32.0009,4.9904,-7.3886,-0.8926,0.72568,3.509,185,23.9354,186.48,3.769,3.509,3.509,3.769
20210722.16,121.784,32.0009,4.9904,-7.5179,-1.0172,0.73038,3.5123,185,23.8118,186.223,3.769,3.5123,3.5123,3.769
20210722.17,121.784,32.0009,4.9904,-7.5444,-1.2513,0.73377,3.522,185,23.7586,186.294,3.769,3.522,3.522,3.769
20210722.18,121.784,32.0009,4.9904,-7.547,-1.6374,0.73774,3.5278,185,23.6521,186.497,3.769,3.5278,3.5278,3.769
20210722.19,121.784,32.0009,4.9904,-7.6544,-1.9695,0.74343,3.5309,185,23.6955,186.838,3.769,3.5309,3.5309,3.769
20210722.2,121.784,32.0009,4.9904,-7.9368,-2.1229,0.75602,3.5265,185,23.6975,187.101,3.769,3.5265,3.5265,3.769
20210722.21,121.784,32.0009,4.9904,-7.842,-2.4862,0.7664,3.5371,185,23.8126,187.622,3.769,3.5371,3.5371,3.769
20210722.22,121.784,32.0009,4.9904,-7.4979,-2.4562,0.76731,3.5743,185,23.9228,188.093,4.1436,3.5743,3.5743,4.1436
20210722.23,121.784,32.0009,4.9904,-8.185,-2.7603,0.78448,3.5695,185,23.989,188.444,4.1436,3.5695,3.5695,4.1436
20210723,121.784,32.0009,4.9904,-8.8062,-2.9173,0.81388,3.5627,185,24.0893,188.555,4.1436,3.5627,3.5627,4.1436
20210723.01,121.784,32.0009,4.9904,-8.3616,-3.4971,0.82903,3.5979,185,24.3892,189.361,4.1436,3.5979,3.5979,4.1436
20210723.02,121.784,32.0009,4.9904,-7.8145,-3.7114,0.82957,3.6542,185,24.6537,190.305,4.1436,3.6542,3.6542,4.1436
20210723.03,121.784,32.0009,4.9904,-8.1172,-3.3768,0.83536,3.6734,185,24.8891,190.971,4.1436,3.6734,3.6734,4.1436
20210723.04,121.784,32.0009,4.9904,-7.905,-3.1468,0.83304,3.7049,185,24.9787,191.423,4.1436,3.7049,3.7049,4.1436
20210723.05,121.784,32.0009,4.9904,-7.4111,-3.3336,0.82012,3.7194,185,25.2978,192.416,4.1436,3.7194,3.7194,4.1436
20210723.06,121.784,32.0009,4.9904,-7.7485,-3.2191,0.81339,3.7053,185,25.3957,192.94,4.1436,3.7053,3.7053,4.1436
20210723.07,121.784,32.0009,4.9904,-7.6912,-3.1125,0.80806,3.6781,185,25.5574,193.522,4.1436,3.6781,3.6781,4.1436
20210723.08,121.784,32.0009,4.9904,-7.2535,-2.9611,0.79426,3.6826,185,25.6176,194.009,4.1436,3.6826,3.6826,4.1436
20210723.09,121.784,32.0009,4.9904,-6.7759,-3.1487,0.77506,3.6748,185,25.845,194.766,4.1436,3.6748,3.6748,4.1436
20210723.1,121.784,32.0009,4.9904,-6.82,-2.644,0.75856,3.6631,185,25.8868,194.893,4.1436,3.6631,3.6631,4.1436
20210723.11,121.784,32.0009,4.9904,-7.1936,-3.1799,0.75635,3.6063,185,25.9591,195.086,4.1436,3.6063,3.6063,4.1436
20210723.12,121.784,32.0009,4.9904,-7.2062,-3.4247,0.75585,3.578,185,25.9705,195.095,3.769,3.578,3.578,3.769
20210723.13,121.784,32.0009,4.9904,-7.194,-3.6088,0.76106,3.5517,185,26.043,195.357,3.769,3.5517,3.5517,3.769
20210723.14,121.784,32.0009,4.9904,-7.7263,-3.4681,0.77469,3.5394,185,25.9953,194.935,3.769,3.5394,3.5394,3.769
20210723.15,121.784,32.0009,4.9904,-8.6849,-2.8009,0.80582,3.5176,185,25.8388,193.868,3.769,3.5176,3.5176,3.769
20210723.16,121.784,32.0009,4.9904,-8.6038,-2.7155,0.82707,3.5615,185,25.6994,192.761,3.769,3.5615,3.5615,3.769
20210723.17,121.784,32.0009,4.9904,-8.2348,-3.3308,0.84083,3.6169,185,25.6974,192.426,3.769,3.6169,3.6169,3.769
20210723.18,121.784,32.0009,4.9904,-8.0972,-4.0289,0.85181,3.6681,185,25.8152,192.487,3.769,3.6681,3.6681,3.769
20210723.19,121.784,32.0009,4.9904,-8.5441,-4.1433,0.8726,3.6903,185,25.9005,192.617,4.1436,3.6903,3.6903,4.1436
20210723.2,121.784,32.0009,4.9904,-9.1105,-4.5761,0.90086,3.7047,185,26.0139,192.812,4.1436,3.7047,3.7047,4.1436
20210723.21,121.784,32.0009,4.9904,-9.4478,-4.3857,0.93213,3.7331,185,25.9573,193.085,4.1436,3.7331,3.7331,4.1436
20210723.22,121.784,32.0009,4.9904,-9.2311,-3.7614,0.94975,3.7979,185,25.8283,192.991,4.1436,3.7979,3.7979,4.1436
20210723.23,121.784,32.0009,4.9904,-10.1971,-3.3852,0.98404,3.8358,185,25.6086,192.428,4.1436,3.8358,3.8358,4.1436
20210724,121.784,32.0009,4.9904,-9.9159,-3.254,1.00781,3.8976,185,25.5446,192.222,4.1436,3.8976,3.8976,4.1436
20210724.01,121.784,32.0009,4.9904,-9.9655,-3.0606,1.02503,3.9675,185,25.3925,191.946,4.5556,3.9675,3.9675,4.5556
20210724.02,121.784,32.0009,4.9904,-10.1371,-2.9545,1.04515,4.0201,185,25.2636,191.776,4.5556,4.0201,4.0201,4.5556
20210724.03,121.784,32.0009,4.9904,-9.6034,-3.0484,1.05183,4.0995,185,25.0595,191.843,4.5556,4.0995,4.0995,4.5556
20210724.04,121.784,32.0009,4.9904,-8.7412,-3.6123,1.04504,4.179,185,24.8425,192.388,4.5556,4.179,4.179,4.5556
20210724.05,121.784,32.0009,4.9904,-8.9548,-4.2747,1.04312,4.2031,185,24.8186,193.015,4.5556,4.2031,4.2031,4.5556
20210724.06,121.784,32.0009,4.9904,-9.2112,-4.3137,1.0449,4.1975,185,24.8284,193.595,4.5556,4.1975,4.1975,4.5556
20210724.07,121.784,32.0009,4.9904,-9.2104,-4.8151,1.04567,4.18,185,24.9981,194.437,4.5556,4.18,4.18,4.5556
20210724.08,121.784,32.0009,4.9904,-9.5749,-4.9623,1.05462,4.1487,185,25.1772,195.28,4.5556,4.1487,4.1487,4.5556
20210724.09,121.784,32.0009,4.9904,-9.6085,-4.5144,1.0628,4.1419,185,25.2093,195.673,4.5556,4.142,4.142,4.5556
20210724.1,121.784,32.0009,4.9904,-8.9664,-4.7019,1.06091,4.1653,185,25.2776,196.207,4.5556,4.1653,4.1653,4.5556
20210724.11,121.784,32.0009,4.9904,-10.2242,-4.895,1.08535,4.1504,185,25.2281,196.097,4.5556,4.1504,4.1504,4.5556
20210724.12,121.784,32.0009,4.9904,-9.8485,-5.2462,1.1061,4.1736,185,25.3747,196.375,4.5556,4.1736,4.1736,4.5556
20210724.13,121.784,32.0009,4.9904,-9.6895,-5.8648,1.12319,4.2083,185,25.4495,196.802,4.5556,4.2083,4.2083,4.5556
20210724.14,121.784,32.0009,4.9904,-9.3624,-6.2308,1.13416,4.246,185,25.7306,197.514,4.5556,4.246,4.246,4.5556
20210724.15,121.784,32.0009,4.9904,-9.3848,-6.69,1.14893,4.2693,185,25.9066,198.344,4.5556,4.2693,4.2693,4.5556
20210724.16,121.784,32.0009,4.9904,-9.6332,-7.3276,1.16931,4.2769,185,26.2788,199.383,4.5556,4.2769,4.2769,4.5556
20210724.17,121.784,32.0009,4.9904,-9.8134,-8.0524,1.19532,4.2703,185,26.5708,200.63,4.5556,4.2703,4.2703,4.5556
20210724.18,121.784,32.0009,4.9904,-10.2556,-8.419,1.22476,4.2644,185,26.8784,201.813,4.5556,4.2644,4.2644,4.5556
20210724.19,121.784,32.0009,4.9904,-10.3403,-9.1128,1.25607,4.2589,185,27.1227,203.128,5.0084,4.2589,4.2589,5.0084
20210724.2,121.784,32.0009,4.9904,-10.0869,-9.6449,1.27792,4.2727,185,27.5802,204.365,5.0084,4.2727,4.2727,5.0084
20210724.21,121.784,32.0009,4.9904,-10.7888,-10.7246,1.31606,4.2767,185,27.9408,205.498,5.0084,4.2767,4.2767,5.0084
20210724.22,121.784,32.0009,4.9904,-12.5512,-9.7885,1.36639,4.2994,185,28.0149,205.569,5.0084,4.2994,4.2994,5.0084
20210724.23,121.784,32.0009,4.9904,-12.1086,-10.43,1.40651,4.3536,185,28.2514,206.06,5.0084,4.3536,4.3536,5.0084
20210725,121.784,32.0009,4.9904,-12.7922,-9.4715,1.44278,4.4169,185,28.329,205.942,5.0084,4.4169,4.4169,5.0084
20210725.01,121.784,32.0009,4.9904,-14.4255,-9.4672,1.50158,4.4637,185,28.3722,205.675,5.0084,4.4637,4.4637,5.0084
20210725.02,121.784,32.0009,4.9904,-15.2621,-8.3944,1.54911,4.5402,185,28.3182,204.915,5.0084,4.5402,4.5402,5.0084
20210725.03,121.784,32.0009,4.9904,-15.3388,-7.2882,1.58705,4.6323,185,28.156,204.18,5.0084,4.6323,4.6323,5.0084
20210725.04,121.784,32.0009,4.9904,-15.6533,-6.6791,1.62275,4.722,185,28.0093,203.446,5.0084,4.722,4.722,5.0084
20210725.05,121.784,32.0009,4.9904,-15.4512,-6.3773,1.64876,4.808,185,27.8861,202.981,5.5063,4.808,4.808,5.5063
20210725.06,121.784,32.0009,4.9904,-14.6184,-6.39,1.66005,4.9093,185,27.7031,202.542,5.5063,4.9093,4.9093,5.5063
20210725.07,121.784,32.0009,4.9904,-14.9065,-6.2882,1.68068,4.9924,185,27.4413,202.056,5.5063,4.9924,4.9924,5.5063
20210725.08,121.784,32.0009,4.9904,-15.1571,-6.8819,1.70182,5.0604,185,27.2076,201.695,5.5063,5.0604,5.0604,5.5063
20210725.09,121.784,32.0009,4.9904,-15.2758,-7.4231,1.72007,5.1203,185,26.9663,201.428,5.5063,5.1203,5.1203,5.5063
20210725.1,121.784,32.0009,4.9904,-16.3251,-7.0539,1.74125,5.1699,185,26.6688,200.901,5.5063,5.1699,5.1699,5.5063
20210725.11,121.784,32.0009,4.9904,-15.734,-7.4729,1.74893,5.2303,185,26.4114,200.61,6.0537,5.2303,5.2303,6.0537
20210725.12,121.784,32.0009,4.9904,-16.0864,-7.2939,1.75901,5.2858,185,26.1346,200.237,6.0537,5.2858,5.2858,6.0537
20210725.13,121.784,32.0009,4.9904,-17.0147,-5.4062,1.76852,5.3379,185,25.8175,199.539,6.0537,5.3379,5.3379,6.0537
20210725.14,121.784,32.0009,4.9904,-16.3078,-4.545,1.76609,5.4075,185,25.5287,198.926,6.0537,5.4075,5.4075,6.0537
20210725.15,121.784,32.0009,4.9904,-15.9119,-3.8795,1.76453,5.4818,185,25.2271,198.293,6.0537,5.4818,5.4818,6.0537
20210725.16,121.784,32.0009,4.9904,-15.8925,-2.6747,1.76566,5.5579,185,24.8861,197.524,6.6554,5.5579,5.5579,6.6554
20210725.17,121.784,32.0009,4.9904,-16.5536,-1.6478,1.77411,5.6228,185,24.5123,196.65,6.6554,5.6228,5.6228,6.6554
20210725.18,121.784,32.0009,4.9904,-16.7009,-0.9892,1.7793,5.687,185,24.139,195.858,6.6554,5.687,5.687,6.6554
20210725.19,121.784,32.0009,4.9904,-16.4694,-1.4752,1.78132,5.753,185,23.7672,195.292,6.6554,5.753,5.753,6.6554
20210725.2,121.784,32.0009,4.9904,-15.9896,-1.4782,1.77889,5.8228,185,23.4003,194.858,6.6554,5.8228,5.8228,6.6554
20210725.21,121.784,32.0009,4.9904,-16.1131,-0.8539,1.77945,5.8791,185,23.0445,194.41,7.3171,5.8791,5.8791,7.3171
20210725.22,121.784,32.0009,4.9904,-16.3024,1.3769,1.77932,5.9209,185,22.7555,193.822,7.3171,5.9208,5.9208,7.3171
20210725.23,121.784,32.0009,4.9904,-16.1005,1.0892,1.77816,5.9587,185,22.5036,193.413,7.3171,5.9587,5.9587,7.3171
20210726,121.784,32.0009,4.9904,-16.2984,1.5516,1.77926,5.98,185,22.3054,193.011,7.3171,5.98,5.98,7.3171
20210726.01,121.784,32.0009,4.9904,-16.3247,2.3482,1.77889,5.9916,185,22.1758,192.588,8.0444,5.9916,5.9916,8.0444
20210726.02,121.784,32.0009,4.9904,-16.1188,3.3507,1.77618,5.9997,185,22.1128,192.135,8.8441,5.9997,5.9997,8.8441
20210726.03,121.784,32.0009,4.9904,-15.5748,4.7512,1.7703,6.0102,185,22.1212,191.632,8.8441,6.0102,6.0102,8.8441
20210726.04,121.784,32.0009,4.9904,-14.7628,5.2748,1.76227,6.0348,185,22.137,191.195,8.8441,6.0348,6.0348,8.8441
20210726.05,121.784,32.0009,4.9904,-14.4162,5.822,1.7585,6.0563,185,22.1498,190.75,8.8441,6.0563,6.0563,8.8441
20210726.06,121.784,32.0009,4.9904,-14.1908,7.1157,1.75717,6.0669,185,22.2334,190.233,8.8441,6.0669,6.0669,8.8441
20210726.07,121.784,32.0009,4.9904,-13.3454,7.5174,1.74965,6.0994,185,22.3099,189.87,8.8441,6.0994,6.0994,8.8441
20210726.08,121.784,32.0009,4.9904,-12.6745,6.693,1.73991,6.1498,185,22.2677,189.736,8.8441,6.1498,6.1498,8.8441
20210726.09,121.784,32.0009,4.9904,-13.0816,6.4741,1.73853,6.1614,185,22.2151,189.562,8.8441,6.1614,6.1614,8.8441
20210726.1,121.784,32.0009,4.9904,-14.0754,6.0425,1.74379,6.1297,185,22.1899,189.334,8.8441,6.1297,6.1297,8.8441
20210726.11,121.784,32.0009,4.9904,-14.3754,6.1075,1.74462,6.0917,185,22.2335,189.09,8.8441,6.0917,6.0917,8.8441
20210726.12,121.784,32.0009,4.9904,-13.4702,6.0197,1.7332,6.0876,185,22.263,188.966,8.0444,6.0875,6.0875,8.0444
20210726.13,121.784,32.0009,4.9904,-12.4141,5.3396,1.71692,6.1058,185,22.2067,188.979,8.0444,6.1058,6.1058,8.0444
20210726.14,121.784,32.0009,4.9904,-12.8469,6.5175,1.71542,6.0728,185,22.2599,188.695,8.0444,6.0728,6.0728,8.0444
20210726.15,121.784,32.0009,4.9904,-12.3806,7.2869,1.70718,6.048,185,22.4,188.424,8.0444,6.048,6.048,8.0444
20210726.16,121.784,32.0009,4.9904,-12.3351,7.3919,1.70015,6.0214,185,22.5393,188.192,8.0444,6.0214,6.0214,8.0444
20210726.17,121.784,32.0009,4.9904,-13.0706,7.4171,1.70111,5.9624,185,22.7063,187.83,8.0444,5.9624,5.9624,8.0444
20210726.18,121.784,32.0009,4.9904,-13.4807,7.9372,1.70297,5.8939,185,22.9048,187.363,8.0444,5.8939,5.8939,8.0444
20210726.19,121.784,32.0009,4.9904,-12.3445,8.3558,1.68961,5.8694,185,23.1084,187.043,8.0444,5.8694,5.8694,8.0444
20210726.2,121.784,32.0009,4.9904,-11.1531,9.6324,1.67321,5.8547,185,23.373,186.699,8.0444,5.8547,5.8547,8.0444
20210726.21,121.784,32.0009,4.9904,-10.3588,10.4118,1.65844,5.8364,185,23.6843,186.365,8.0444,5.8364,5.8364,8.0444
20210726.22,121.784,32.0009,4.9904,-7.5492,11.1227,1.62138,5.8872,185,23.9948,186.529,8.0444,5.8872,5.8872,8.0444
20210726.23,121.784,32.0009,4.9904,-9.2291,9.5386,1.6117,5.8729,185,24.015,186.392,8.0444,5.8729,5.8729,8.0444
20210727,121.784,32.0009,4.9904,-10.3266,8.6111,1.6041,5.8353,185,23.995,186.135,8.0444,5.8353,5.8353,8.0444
20210727.01,121.784,32.0009,4.9904,-11.11,8.0485,1.59669,5.7627,185,24.057,185.608,7.3171,5.7627,5.7627,7.3171
20210727.02,121.784,32.0009,4.9904,-10.7879,7.81,1.577,5.7016,185,24.1247,185.071,7.3171,5.7016,5.7016,7.3171
20210727.03,121.784,32.0009,4.9904,-10.5986,8.9914,1.56426,5.5973,185,24.4,184.093,7.3171,5.5973,5.5973,7.3171
20210727.04,121.784,32.0009,4.9904,-9.5168,9.1393,1.53787,5.555,185,24.6149,183.52,7.3171,5.555,5.555,7.3171
20210727.05,121.784,32.0009,4.9904,-8.9263,9.2165,1.51507,5.5231,185,24.825,183.063,7.3171,5.5231,5.5231,7.3171
20210727.06,121.784,32.0009,4.9904,-9.6167,9.5482,1.5142,5.4731,185,24.9561,182.56,7.3171,5.4731,5.4731,7.3171
20210727.07,121.784,32.0009,4.9904,-10.0181,8.1524,1.513,5.468,185,24.8435,182.575,7.3171,5.468,5.468,7.3171
20210727.08,121.784,32.0009,4.9904,-10.3463,7.725,1.51323,5.451,185,24.7631,182.647,7.3171,5.451,5.451,7.3171
20210727.09,121.784,32.0009,4.9904,-10.6528,7.4129,1.5118,5.4279,185,24.7398,182.727,7.3171,5.4279,5.4279,7.3171
20210727.1,121.784,32.0009,4.9904,-10.8707,6.77,1.50929,5.3958,185,24.6652,182.845,7.3171,5.3958,5.3958,7.3171
20210727.11,121.784,32.0009,4.9904,-11.0444,6.621,1.50732,5.366,185,24.5768,182.947,7.3171,5.366,5.366,7.3171
20210727.12,121.784,32.0009,4.9904,-11.0817,6.8654,1.50676,5.3323,185,24.5279,182.931,7.3171,5.3323,5.3323,7.3171
20210727.13,121.784,32.0009,4.9904,-10.5253,7.3663,1.49742,5.3226,185,24.5762,183.002,7.3171,5.3227,5.3227,7.3171
20210727.14,121.784,32.0009,4.9904,-10.2803,7.6153,1.48849,5.3148,185,24.6303,183.095,7.3171,5.3148,5.3148,7.3171
20210727.15,121.784,32.0009,4.9904,-10.1929,7.6116,1.47991,5.3184,185,24.6579,183.355,7.3171,5.3184,5.3184,7.3171
20210727.16,121.784,32.0009,4.9904,-10.0686,7.3755,1.46807,5.3128,185,24.7395,183.628,7.3171,5.3128,5.3128,7.3171
20210727.17,121.784,32.0009,4.9904,-9.7979,7.4226,1.44735,5.3034,185,24.8604,183.894,7.3171,5.3034,5.3034,7.3171
20210727.18,121.784,32.0009,4.9904,-9.3929,7.8765,1.42095,5.2641,185,25.1242,183.868,6.6554,5.2641,5.2641,6.6554
20210727.19,121.784,32.0009,4.9904,-8.9382,8.3862,1.38837,5.2188,185,25.411,183.699,6.6554,5.2188,5.2188,6.6554
20210727.2,121.784,32.0009,4.9904,-8.6842,8.2951,1.35505,5.1567,185,25.6477,183.408,6.6554,5.1567,5.1567,6.6554
20210727.21,121.784,32.0009,4.9904,-8.6482,8.1221,1.32324,5.0977,185,25.813,183.047,6.6554,5.0977,5.0977,6.6554
20210727.22,121.784,32.0009,4.9904,-8.5091,7.4123,1.29054,5.0402,185,25.8495,182.822,6.6554,5.0402,5.0402,6.6554
20210727.23,121.784,32.0009,4.9904,-8.1424,7.9454,1.25934,4.9836,185,26.0511,182.384,6.6554,4.9836,4.9836,6.6554
20210728,121.784,32.0009,4.9904,-8.0999,7.6033,1.23277,4.9234,185,26.1561,182.081,6.6554,4.9234,4.9234,6.6554
20210728.01,121.784,32.0009,4.9904,-8.2327,6.7135,1.2109,4.8938,185,26.1402,182.203,6.6554,4.8938,4.8938,6.6554
20210728.02,121.784,32.0009,4.9904,-8.448,6.8808,1.20259,4.8474,185,26.2549,182.289,6.6554,4.8474,4.8474,6.6554
20210728.03,121.784,32.0009,4.9904,-8.1148,7.0483,1.19209,4.834,185,26.4909,182.575,6.6554,4.834,4.834,6.6554
20210728.04,121.784,32.0009,4.9904,-7.4714,7.6003,1.17474,4.8172,185,26.8377,182.936,6.6554,4.8172,4.8172,6.6554
20210728.05,121.784,32.0009,4.9904,-7.4391,7.7349,1.15901,4.7903,185,27.2057,183.03,6.6554,4.7903,4.7903,6.6554
20210728.06,121.784,32.0009,4.9904,-7.6113,7.7705,1.14757,4.7378,185,27.4648,182.859,6.6554,4.7378,4.7378,6.6554
20210728.07,121.784,32.0009,4.9904,-7.7165,7.6815,1.13693,4.6922,185,27.7126,182.561,6.0537,4.6922,4.6922,6.0537
20210728.08,121.784,32.0009,4.9904,-7.7829,7.058,1.12231,4.6492,185,27.7848,182.453,6.0537,4.6492,4.6492,6.0537
20210728.09,121.784,32.0009,4.9904,-7.0876,7.4613,1.099,4.6296,185,28.0461,182.358,6.0537,4.6296,4.6296,6.0537
20210728.1,121.784,32.0009,4.9904,-6.8233,6.7625,1.06939,4.6099,185,28.1191,182.562,6.0537,4.6099,4.6099,6.0537
20210728.11,121.784,32.0009,4.9904,-7.1227,6.533,1.0475,4.5687,185,28.1959,182.463,6.0537,4.5687,4.5687,6.0537
20210728.12,121.784,32.0009,4.9904,-6.9962,6.7069,1.02998,4.5162,185,28.2848,182.231,6.0537,4.5162,4.5162,6.0537
20210728.13,121.784,32.0009,4.9904,-6.3933,7.514,1.00936,4.4785,185,28.6171,182.028,6.0537,4.4785,4.4785,6.0537
20210728.14,121.784,32.0009,4.9904,-6.1007,7.4446,0.98869,4.4349,185,28.8743,181.858,6.0537,4.4349,4.4349,6.0537
20210728.15,121.784,32.0009,4.9904,-5.6079,7.7715,0.96608,4.3988,185,29.1538,181.669,6.0537,4.3988,4.3988,6.0537
20210728.16,121.784,32.0009,4.9904,-5.5149,8.2941,0.95125,4.3284,185,29.4453,180.918,6.0537,4.3284,4.3284,6.0537
20210728.17,121.784,32.0009,4.9904,-5.6295,8.3836,0.94246,4.2452,185,29.6931,179.844,6.0537,4.2452,4.2452,6.0537
20210728.18,121.784,32.0009,4.9904,-5.6115,8.4466,0.93594,4.1724,185,29.8593,178.737,6.0537,4.1724,4.1724,6.0537
20210728.19,121.784,32.0009,4.9904,-5.3703,8.5102,0.9268,4.1277,185,30.0223,177.814,6.0537,4.1277,4.1277,6.0537
20210728.2,121.784,32.0009,4.9904,-5.09,8.4492,0.9135,4.0966,185,30.0949,177.197,6.0537,4.0966,4.0966,6.0537
20210728.21,121.784,32.0009,4.9904,-4.4727,8.4288,0.8945,4.0875,185,30.2558,176.82,6.0537,4.0875,4.0875,6.0537
20210728.22,121.784,32.0009,4.9904,-4.0061,7.3949,0.86199,4.1178,185,30.1351,177.544,5.5063,4.1178,4.1178,5.5063
20210728.23,121.784,32.0009,4.9904,-3.9699,7.8916,0.84285,4.0761,185,30.3075,177.135,5.5063,4.0761,4.0761,5.5063
20210729,121.784,32.0009,4.9904,-3.6635,8.6956,0.83231,3.9884,185,30.682,176.097,5.5063,3.9884,3.9884,5.5063
20210729.01,121.784,32.0009,4.9904,-3.1929,8.4717,0.81197,3.9576,185,30.9511,175.914,5.5063,3.9576,3.9576,5.5063
20210729.02,121.784,32.0009,4.9904,-2.7254,8.4844,0.79151,3.9267,185,31.19,175.724,5.5063,3.9267,3.9267,5.5063
20210729.03,121.784,32.0009,4.9904,-2.6576,8.0961,0.77166,3.8899,185,31.2798,175.515,5.5063,3.8899,3.8899,5.5063
20210729.04,121.784,32.0009,4.9904,-2.8762,7.7675,0.75324,3.8427,185,31.2469,174.963,5.5063,3.8427,3.8427,5.5063
20210729.05,121.784,32.0009,4.9904,-2.9223,7.295,0.73173,3.801,185,31.0419,174.294,5.5063,3.801,3.801,5.5063
20210729.06,121.784,32.0009,4.9904,-2.6331,7.0793,0.70665,3.7563,185,30.834,173.493,5.5063,3.7563,3.7563,5.5063
20210729.07,121.784,32.0009,4.9904,-2.2133,6.6471,0.67649,3.7324,185,30.4415,172.917,5.5063,3.7324,3.7324,5.5063
20210729.08,121.784,32.0009,4.9904,-2.2206,6.001,0.64479,3.6987,185,29.9233,172.382,5.5063,3.6987,3.6987,5.5063
20210729.09,121.784,32.0009,4.9904,-0.9044,6.1402,0.6073,3.6792,185,29.7376,172.282,5.5063,3.6792,3.6792,5.5063
20210729.1,121.784,32.0009,4.9904,-0.2699,5.2067,0.56716,3.7168,185,29.2524,172.811,5.5063,3.7168,3.7168,5.5063
20210729.11,121.784,32.0009,4.9904,-0.3047,5.0095,0.53246,3.6912,185,28.9354,173.118,5.0084,3.6912,3.6912,5.0084
20210729.12,121.784,32.0009,4.9904,-0.1129,5.0209,0.50215,3.6338,185,28.8199,173.417,5.0084,3.6338,3.6338,5.0084
20210729.13,121.784,32.0009,4.9904,0.152,4.6108,0.47375,3.6355,185,28.4687,174.228,5.0084,3.6355,3.6355,5.0084
20210729.14,121.784,32.0009,4.9904,0.7844,4.0361,0.44831,3.66,185,27.9051,175.425,5.0084,3.66,3.66,5.0084
20210729.15,121.784,32.0009,4.9904,1.6201,3.2362,0.42607,3.735,185,26.9969,176.828,5.0084,3.735,3.735,5.0084
20210729.16,121.784,32.0009,4.9904,2.4228,2.3137,0.40628,3.8331,185,25.8728,178.176,5.0084,3.8331,3.8331,5.0084
20210729.17,121.784,32.0009,4.9904,2.9394,1.2616,0.38776,3.9399,185,24.6195,179.357,5.0084,3.9399,3.9399,5.0084
20210729.18,121.784,32.0009,4.9904,3.0344,0.6107,0.36994,4.0438,185,23.4044,180.348,5.0084,4.0438,4.0438,5.0084
20210729.19,121.784,32.0009,4.9904,3.1321,0.3269,0.35308,4.1263,185,22.3404,181.123,5.0084,4.1263,4.1263,5.0084
20210729.2,121.784,32.0009,4.9904,3.156,0.1356,0.33753,4.1841,185,21.361,181.716,5.0084,4.1841,4.1841,5.0084
20210729.21,121.784,32.0009,4.9904,3.2427,0.1083,0.32388,4.2126,185,20.5241,182.189,5.0084,4.2126,4.2126,5.0084
20210729.22,121.784,32.0009,4.9904,2.816,0.4052,0.31243,4.2282,185,19.577,182.554,5.0084,4.2282,4.2282,5.0084
20210729.23,121.784,32.0009,4.9904,2.7094,0.4396,0.3032,4.2367,185,18.6604,182.86,5.0084,4.2367,4.2367,5.0084
20210730,121.784,32.0009,4.9904,2.7015,0.3094,0.2954,4.23,185,18.0165,183.133,5.0084,4.23,4.23,5.0084
20210730.01,121.784,32.0009,4.9904,2.5406,0.6279,0.28779,4.2315,185,17.3341,183.359,5.0084,4.2315,4.2315,5.0084
20210730.02,121.784,32.0009,4.9904,2.4252,0.9326,0.27964,4.2348,185,16.708,183.529,5.0084,4.2348,4.2348,5.0084
20210730.03,121.784,32.0009,4.9904,2.2181,1.1855,0.2706,4.2222,185,16.3801,183.646,5.0084,4.2222,4.2222,5.0084
20210730.04,121.784,32.0009,4.9904,1.8182,1.59,0.26096,4.1504,185,16.934,183.738,5.0084,4.1504,4.1504,5.0084
20210730.05,121.784,32.0009,4.9904,1.4178,1.8388,0.25124,3.9965,185,18.5663,183.83,5.0084,3.9965,3.9965,5.0084
20210730.06,121.784,32.0009,4.9904,0.9992,1.6989,0.242,3.7851,185,20.9381,183.958,5.0084,3.7851,3.7851,5.0084
20210730.07,121.784,32.0009,4.9904,0.3079,1.848,0.23378,3.5471,185,23.7944,184.193,5.0084,3.5471,3.5471,5.0084
20210730.08,121.784,32.0009,4.9904,-0.5818,2.2242,0.22753,3.2617,175,26.9096,183.981,5.0084,3.2617,3.2617,5.0084
20210730.09,121.784,32.0009,4.9904,-1.1723,2.7989,0.22338,2.987,175,29.7702,182.912,5.0084,2.987,2.987,5.0084
20210730.1,121.784,32.0009,4.9904,-2.096,2.5631,0.22112,2.7338,175,31.847,180.758,5.0084,2.7338,2.7338,5.0084
20210730.11,121.784,32.0009,4.9904,-2.1406,3.3841,0.22084,2.5102,175,33.0977,177.524,5.0084,2.5102,2.5102,5.0084
20210730.12,121.784,32.0009,4.9904,-1.8381,3.9609,0.22262,2.3078,175,33.8861,173.639,5.0084,2.3078,2.3078,5.0084
20210730.13,121.784,32.0009,4.9904,-1.2326,4.2299,0.22575,2.1593,175,34.1588,169.428,5.0084,2.1593,2.1593,5.0084
20210730.14,121.784,32.0009,4.9904,-0.8675,4.3022,0.22881,2.0842,175,33.8651,165.596,5.0084,2.0842,2.0842,5.0084
20210730.15,121.784,32.0009,4.9904,-0.4962,4.3217,0.23365,2.0078,175,33.4466,161.941,5.0084,2.0079,2.0079,5.0084
20210730.16,121.784,32.0009,4.9904,-0.3963,3.6696,0.23701,1.9786,175,32.2869,160.191,5.0084,1.9786,1.9786,5.0084
20210730.17,121.784,32.0009,4.9904,-0.6013,2.9197,0.23629,1.9859,175,30.6803,160.23,5.0084,1.9859,1.9859,5.0084
20210730.18,121.784,32.0009,4.9904,-0.6761,2.5247,0.23246,2.0276,175,29.0966,160.943,5.0084,2.0276,2.0276,5.0084
20210730.19,121.784,32.0009,4.9904,-0.7093,1.6908,0.22379,2.0991,175,27.7487,162.235,5.0084,2.0991,2.0991,5.0084
20210730.2,121.784,32.0009,4.9904,-1.0889,0.671,0.21276,2.164,175,26.7536,163.621,4.5556,2.164,2.164,4.5556
20210730.21,121.784,32.0009,4.9904,-1.558,-0.0281,0.2014,2.2281,175,25.8137,164.945,4.5556,2.2281,2.2281,4.5556
20210730.22,121.784,32.0009,4.9904,-1.7398,-0.3965,0.19021,2.2746,175,25.0427,166.324,4.5556,2.2746,2.2746,4.5556
20210730.23,121.784,32.0009,4.9904,-1.7839,-1.8035,0.18013,2.2985,175,24.5046,168.065,4.5556,2.2985,2.2985,4.5556
20210731,121.784,32.0009,4.9904,-1.8605,-2.576,0.17268,2.2687,175,24.8053,170.342,4.5556,2.2687,2.2687,4.5556
20210731.01,121.784,32.0009,4.9904,-2.8583,-3.0014,0.17134,2.1131,175,26.1747,173.647,4.1436,2.1131,2.1131,4.1436
20210731.02,121.784,32.0009,4.9904,-3.3105,-2.1313,0.17654,1.9234,175,27.4045,176.765,4.1436,1.9234,1.9234,4.1436
20210731.03,121.784,32.0009,4.9904,-3.416,-2.0761,0.18765,1.7855,175,29.1213,179.132,3.769,1.7855,1.7855,3.769
20210731.04,121.784,32.0009,4.9904,-3.3237,-2.0213,0.1987,1.7676,175,30.0868,181.034,3.769,1.7676,1.7676,3.769
20210731.05,121.784,32.0009,4.9904,-3.4535,-1.3616,0.20876,1.7752,175,29.2566,182.216,3.769,1.7752,1.7752,3.769
20210731.06,121.784,32.0009,4.9904,-3.0861,-0.3674,0.21313,1.8199,175,28.504,182.293,3.769,1.8199,1.8199,3.769
20210731.07,121.784,32.0009,4.9904,-3.2322,-0.5323,0.21651,1.8384,175,27.9258,182.717,3.4282,1.8384,1.8384,3.4282
20210731.08,121.784,32.0009,4.9904,-2.9287,0.1486,0.2144,1.8709,175,28.0449,183.033,3.4282,1.8709,1.8709,3.4282
20210731.09,121.784,32.0009,4.9904,-2.44,0.5061,0.20792,1.9454,175,28.3466,183.29,3.4282,1.9454,1.9454,3.4282
20210731.1,121.784,32.0009,4.9904,-2.6279,0.3971,0.20415,1.9767,175,27.9428,183.313,3.4282,1.9767,1.9767,3.4282
20210731.11,121.784,32.0009,4.9904,-2.8767,1.927,0.20733,1.9382,175,27.9299,180.48,3.4282,1.9382,1.9382,3.4282
20210731.12,121.784,32.0009,4.9904,-2.6992,4.146,0.21558,1.8827,175,28.206,176.081,3.4282,1.8827,1.8827,3.4282
20210731.13,121.784,32.0009,4.9904,-1.7568,4.9069,0.21907,1.8563,175,29.0416,172.406,3.4282,1.8563,1.8563,3.4282
20210731.14,121.784,32.0009,4.9904,-0.7541,5.0825,0.21488,1.8522,175,30.5536,169.347,2.1344,1.8522,1.8522,2.1344
20210731.15,121.784,32.0009,4.9904,-0.2098,4.7789,0.2053,1.8289,175,32.2053,166.812,2.1344,1.8289,1.8289,2.1344
20210731.16,121.784,32.0009,4.9904,-0.0935,4.1889,0.19484,1.8007,175,33.2846,164.641,2.3465,1.8007,1.8007,2.3465
20210731.17,121.784,32.0009,4.9904,-0.083,3.9083,0.18779,1.7744,175,33.7083,161.648,2.3465,1.7744,1.7744,2.3465
20210731.18,121.784,32.0009,4.9904,-0.3506,3.7108,0.18401,1.7291,175,33.1318,158.446,2.3465,1.7291,1.7291,2.3465
20210731.19,121.784,32.0009,4.9904,-0.5698,3.2811,0.17776,1.7248,175,31.8645,156.627,2.5798,1.7248,1.7248,2.5798
20210731.2,121.784,32.0009,4.9904,-0.5381,3.9601,0.1798,1.6645,145,30.8223,152.467,2.5798,1.6645,1.6645,2.5798
20210731.21,121.784,32.0009,4.9904,-0.3466,4.0583,0.17884,1.6573,145,29.9144,149.289,2.5798,1.6573,1.6573,2.5798
20210731.22,121.784,32.0009,4.9904,0.0673,2.8376,0.17097,1.6948,145,27.9506,148.686,2.8363,1.6948,1.6948,2.8363
20210731.23,121.784,32.0009,4.9904,-0.2,2.2713,0.16111,1.7574,145,25.4045,148.479,2.8363,1.7574,1.7574,2.8363
20210715,121.787,32.0029,5.2961,-0.8719,7.6396,0.01819,1.6134,95,31.5042,96.504,1.9414,1.6134,1.6134,1.9414
20210715.01,121.787,32.0029,5.2961,-1.4649,7.3368,0.05957,1.1839,115,29.2411,104.121,1.9414,1.1839,1.1839,1.9414
20210715.02,121.787,32.0029,5.2961,-2.3988,7.2606,0.09366,1.2134,145,29.9677,111.286,1.7658,1.2134,1.2134,1.7658
20210715.03,121.787,32.0029,5.2961,-2.9265,7.6775,0.12793,1.2776,145,30.3564,117.089,1.9414,1.2776,1.2776,1.9414
20210715.04,121.787,32.0029,5.2961,-2.8222,7.993,0.16271,1.3491,145,30.3501,122.158,1.9414,1.3491,1.3491,1.9414
20210715.05,121.787,32.0029,5.2961,-2.9442,8.0286,0.19755,1.4388,145,29.617,127.102,1.9414,1.4388,1.4388,1.9414
20210715.06,121.787,32.0029,5.2961,-3.0046,7.9839,0.23144,1.5654,145,27.9486,131.299,2.1344,1.5654,1.5654,2.1344
20210715.07,121.787,32.0029,5.2961,-2.8365,7.7797,0.26383,1.6887,145,26.1667,133.721,2.3465,1.6887,1.6887,2.3465
20210715.08,121.787,32.0029,5.2961,-2.7716,7.3896,0.29321,1.8122,145,24.7707,135.536,2.5798,1.8122,1.8122,2.5798
20210715.09,121.787,32.0029,5.2961,-3.0986,6.9483,0.32217,1.9361,145,23.481,137.633,2.5798,1.9361,1.9361,2.5798
20210715.1,121.787,32.0029,5.2961,-2.8378,5.958,0.33714,2.0523,145,22.5219,139.447,2.8363,2.0523,2.0523,2.8363
20210715.11,121.787,32.0029,5.2961,-3.6843,6.6371,0.36983,2.1278,145,21.7964,140.719,2.8363,2.1278,2.1278,2.8363
20210715.12,121.787,32.0029,5.2961,-4.3219,7.317,0.4141,2.2085,145,21.4514,141.891,2.8363,2.2085,2.2085,2.8363
20210715.13,121.787,32.0029,5.2961,-5.149,7.6481,0.46209,2.3147,145,21.2375,143.382,3.1182,2.3147,2.3147,3.1182
20210715.14,121.787,32.0029,5.2961,-4.7834,7.8557,0.4974,2.4313,145,21.4166,144.385,3.1182,2.4313,2.4313,3.1182
20210715.15,121.787,32.0029,5.2961,-4.2131,7.7844,0.51553,2.5394,145,21.5263,145.151,3.1182,2.5394,2.5394,3.1182
20210715.16,121.787,32.0029,5.2961,-3.4257,7.8722,0.52285,2.6306,155,21.6484,145.649,3.1182,2.6306,2.6306,3.1182
20210715.17,121.787,32.0029,5.2961,-3.0568,7.7588,0.52704,2.7039,155,21.6555,146.184,3.4282,2.7039,2.7039,3.4282
20210715.18,121.787,32.0029,5.2961,-2.9067,7.4786,0.5279,2.7493,155,21.6756,146.815,3.4282,2.7493,2.7493,3.4282
20210715.19,121.787,32.0029,5.2961,-3.131,7.5452,0.5345,2.7637,145,21.6534,147.084,3.4282,2.7637,2.7637,3.4282
20210715.2,121.787,32.0029,5.2961,-3.1618,7.7146,0.54297,2.7717,145,21.7757,147.047,3.769,2.7717,2.7717,3.769
20210715.21,121.787,32.0029,5.2961,-3.0483,7.4641,0.53739,2.7758,145,21.9741,147.195,3.769,2.7758,2.7758,3.769
20210715.22,121.787,32.0029,5.2961,-2.5463,6.6321,0.50733,2.7746,145,22.3519,147.378,3.769,2.7746,2.7746,3.769
20210715.23,121.787,32.0029,5.2961,-3.4947,6.2249,0.49639,2.7195,145,21.8283,147.134,3.769,2.7195,2.7195,3.769
20210716,121.787,32.0029,5.2961,-3.9398,6.0767,0.49386,2.6626,145,21.2829,146.835,3.769,2.6626,2.6626,3.769
20210716.01,121.787,32.0029,5.2961,-4.2295,6.3986,0.49883,2.6222,145,20.8895,146.41,3.4282,2.6222,2.6222,3.4282
20210716.02,121.787,32.0029,5.2961,-4.2231,6.4698,0.4994,2.6017,145,20.7703,146.136,3.4282,2.6017,2.6017,3.4282
20210716.03,121.787,32.0029,5.2961,-4.3257,6.2433,0.49632,2.6077,145,20.5156,146.132,3.4282,2.6077,2.6077,3.4282
20210716.04,121.787,32.0029,5.2961,-4.5341,6.0075,0.49696,2.6015,145,20.3191,146.329,3.4282,2.6015,2.6015,3.4282
20210716.05,121.787,32.0029,5.2961,-4.4961,5.9914,0.49438,2.609,145,20.2482,146.558,3.4282,2.609,2.609,3.4282
20210716.06,121.787,32.0029,5.2961,-4.8389,5.6526,0.49663,2.6104,145,20.1466,147.04,3.4282,2.6104,2.6104,3.4282
20210716.07,121.787,32.0029,5.2961,-5.2083,5.5638,0.50263,2.6169,145,20.0472,147.675,3.4282,2.6169,2.6169,3.4282
20210716.08,121.787,32.0029,5.2961,-5.2635,5.7256,0.51363,2.6322,145,20.1329,148.181,3.4282,2.6322,2.6322,3.4282
20210716.09,121.787,32.0029,5.2961,-4.8783,5.7366,0.50849,2.6558,155,20.4415,148.728,3.4282,2.6558,2.6558,3.4282
20210716.1,121.787,32.0029,5.2961,-3.3909,6.4184,0.48657,2.6708,155,21.2189,148.504,3.4282,2.6708,2.6708,3.4282
20210716.11,121.787,32.0029,5.2961,-3.0516,5.3915,0.45346,2.6637,155,21.7379,149.035,3.4282,2.6637,2.6637,3.4282
20210716.12,121.787,32.0029,5.2961,-3.4562,5.0515,0.43495,2.6187,145,21.6785,149.649,3.4282,2.6187,2.6187,3.4282
20210716.13,121.787,32.0029,5.2961,-4.2402,5.025,0.43803,2.54,145,21.4843,149.969,3.4282,2.54,2.54,3.4282
20210716.14,121.787,32.0029,5.2961,-4.4286,4.9631,0.43998,2.4986,145,21.6378,150.379,3.4282,2.4986,2.4986,3.4282
20210716.15,121.787,32.0029,5.2961,-4.6005,5.2528,0.445,2.4777,145,21.7109,150.488,3.4282,2.4777,2.4777,3.4282
20210716.16,121.787,32.0029,5.2961,-5.0215,5.5116,0.45839,2.4779,145,21.5713,150.628,3.4282,2.4779,2.4779,3.4282
20210716.17,121.787,32.0029,5.2961,-5.5515,5.8912,0.48445,2.5035,155,21.4351,150.818,3.4282,2.5035,2.5035,3.4282
20210716.18,121.787,32.0029,5.2961,-5.7628,6.3612,0.51181,2.5552,155,21.4447,151.169,3.4282,2.5552,2.5552,3.4282
20210716.19,121.787,32.0029,5.2961,-5.7547,6.7282,0.53794,2.6206,155,21.658,151.503,3.4282,2.6206,2.6206,3.4282
20210716.2,121.787,32.0029,5.2961,-5.1386,6.7493,0.54324,2.6878,155,22.0932,151.991,3.4282,2.6878,2.6878,3.4282
20210716.21,121.787,32.0029,5.2961,-4.0843,6.6408,0.53122,2.7525,155,22.578,152.357,3.4282,2.7525,2.7525,3.4282
20210716.22,121.787,32.0029,5.2961,-3.2384,6.0392,0.50701,2.7932,155,23.1773,153.091,3.4282,2.7932,2.7932,3.4282
20210716.23,121.787,32.0029,5.2961,-2.9535,5.4914,0.48452,2.8265,165,23.4732,154.293,3.4282,2.8265,2.8265,3.4282
20210717,121.787,32.0029,5.2961,-3.4696,5.2427,0.47668,2.7959,155,23.5484,154.874,3.4282,2.7959,2.7959,3.4282
20210717.01,121.787,32.0029,5.2961,-4.28,4.9913,0.47836,2.7433,145,23.3167,155.459,3.4282,2.7433,2.7433,3.4282
20210717.02,121.787,32.0029,5.2961,-4.8107,4.9801,0.48454,2.6809,145,23.2811,155.604,3.4282,2.6809,2.6809,3.4282
20210717.03,121.787,32.0029,5.2961,-4.8207,4.8026,0.47913,2.6475,155,23.3416,155.757,3.4282,2.6475,2.6475,3.4282
20210717.04,121.787,32.0029,5.2961,-5.5267,4.453,0.48058,2.6032,155,23.0457,155.801,3.4282,2.6032,2.6032,3.4282
20210717.05,121.787,32.0029,5.2961,-6.1882,4.3701,0.49287,2.5781,155,22.5582,155.853,3.4282,2.5781,2.5781,3.4282
20210717.06,121.787,32.0029,5.2961,-6.3267,4.6037,0.50474,2.5894,165,22.3675,156.09,3.4282,2.5894,2.5894,3.4282
20210717.07,121.787,32.0029,5.2961,-5.275,4.8258,0.49373,2.6315,165,22.5804,156.323,3.4282,2.6315,2.6315,3.4282
20210717.08,121.787,32.0029,5.2961,-4.8631,4.6032,0.47361,2.6554,165,22.8709,156.705,3.4282,2.6554,2.6554,3.4282
20210717.09,121.787,32.0029,5.2961,-4.6507,4.4673,0.45766,2.6419,165,23.1306,157.135,3.4282,2.6419,2.6419,3.4282
20210717.1,121.787,32.0029,5.2961,-4.5602,3.3027,0.43127,2.6308,175,23.3801,158.747,3.4282,2.6308,2.6308,3.4282
20210717.11,121.787,32.0029,5.2961,-4.7769,3.0041,0.41545,2.5739,175,23.2773,159.776,3.4282,2.5739,2.5739,3.4282
20210717.12,121.787,32.0029,5.2961,-5.1199,2.9739,0.41124,2.4887,175,23.1391,160.072,3.4282,2.4887,2.4887,3.4282
20210717.13,121.787,32.0029,5.2961,-5.5082,3.0311,0.41576,2.4256,175,23.0143,160.087,3.4282,2.4256,2.4256,3.4282
20210717.14,121.787,32.0029,5.2961,-5.7321,2.9571,0.42066,2.4022,175,22.9673,160.369,3.1182,2.4022,2.4022,3.1182
20210717.15,121.787,32.0029,5.2961,-5.5344,3.1813,0.42194,2.4169,175,22.8849,160.571,3.1182,2.4169,2.4169,3.1182
20210717.16,121.787,32.0029,5.2961,-5.2202,3.3628,0.41673,2.4346,175,23.0336,160.776,3.1182,2.4346,2.4346,3.1182
20210717.17,121.787,32.0029,5.2961,-4.9121,3.5601,0.41142,2.4578,175,23.1714,160.986,3.1182,2.4578,2.4578,3.1182
20210717.18,121.787,32.0029,5.2961,-4.2096,3.7499,0.39605,2.4734,175,23.8224,161.282,3.1182,2.4734,2.4734,3.1182
20210717.19,121.787,32.0029,5.2961,-3.7139,3.5883,0.37658,2.4776,175,24.3534,161.959,3.1182,2.4776,2.4776,3.1182
20210717.2,121.787,32.0029,5.2961,-3.7435,3.3167,0.36125,2.4443,175,24.7444,162.355,3.1182,2.4443,2.4443,3.1182
20210717.21,121.787,32.0029,5.2961,-3.6377,3.079,0.34654,2.4014,175,24.799,162.867,3.1182,2.4014,2.4014,3.1182
20210717.22,121.787,32.0029,5.2961,-3.0569,2.5986,0.3216,2.3818,175,24.9883,163.885,3.1182,2.3818,2.3818,3.1182
20210717.23,121.787,32.0029,5.2961,-3.7892,2.0438,0.3058,2.2806,175,24.4176,164.566,3.1182,2.2806,2.2806,3.1182
20210718,121.787,32.0029,5.2961,-4.2311,1.8704,0.30083,2.1484,175,23.9053,164.454,3.1182,2.1484,2.1484,3.1182
20210718.01,121.787,32.0029,5.2961,-3.9963,2.0159,0.29116,2.0676,175,24.055,164.412,3.1182,2.0676,2.0676,3.1182
20210718.02,121.787,32.0029,5.2961,-3.8076,1.9131,0.27626,2.0117,175,24.385,164.406,3.1182,2.0117,2.0117,3.1182
20210718.03,121.787,32.0029,5.2961,-3.7157,1.6343,0.25959,1.9613,175,24.5343,164.868,2.8363,1.9613,1.9613,2.8363
20210718.04,121.787,32.0029,5.2961,-3.7576,1.2387,0.24665,1.8897,175,24.7937,165.57,2.8363,1.8897,1.8897,2.8363
20210718.05,121.787,32.0029,5.2961,-3.8598,0.9839,0.23601,1.8431,175,24.712,166.875,2.5798,1.8431,1.8431,2.5798
20210718.06,121.787,32.0029,5.2961,-4.3765,0.9157,0.23823,1.7981,175,24.5241,167.859,2.5798,1.7981,1.7981,2.5798
20210718.07,121.787,32.0029,5.2961,-5.1268,0.8686,0.25388,1.7876,175,24.5418,168.371,2.3465,1.7876,1.7876,2.3465
20210718.08,121.787,32.0029,5.2961,-5.8119,0.8054,0.27483,1.8258,175,24.6071,169.039,2.3465,1.8258,1.8258,2.3465
20210718.09,121.787,32.0029,5.2961,-6.1432,1.2102,0.29698,1.8903,175,24.718,168.85,2.3465,1.8903,1.8903,2.3465
20210718.1,121.787,32.0029,5.2961,-5.8507,1.7756,0.31301,1.968,175,24.6548,168.464,2.3465,1.968,1.968,2.3465
20210718.11,121.787,32.0029,5.2961,-5.6071,2.1963,0.32681,2.0541,175,24.5441,167.591,2.5798,2.0541,2.0541,2.5798
20210718.12,121.787,32.0029,5.2961,-4.7652,2.8773,0.32831,2.137,175,24.787,166.558,2.5798,2.137,2.137,2.5798
20210718.13,121.787,32.0029,5.2961,-3.9715,3.3311,0.32484,2.1947,155,25.3924,165.374,2.5798,2.1947,2.1947,2.5798
20210718.14,121.787,32.0029,5.2961,-3.2972,3.4158,0.31494,2.244,155,26.1438,165.042,2.5798,2.244,2.244,2.5798
20210718.15,121.787,32.0029,5.2961,-3.0047,3.0547,0.30427,2.2757,155,26.6805,165.256,2.8363,2.2757,2.2757,2.8363
20210718.16,121.787,32.0029,5.2961,-3.2927,2.5892,0.29506,2.2669,155,26.5852,165.436,3.1182,2.2669,2.2669,3.1182
20210718.17,121.787,32.0029,5.2961,-3.2992,2.6004,0.28867,2.2228,155,26.394,165.095,3.1182,2.2228,2.2228,3.1182
20210718.18,121.787,32.0029,5.2961,-3.5964,2.4939,0.28346,2.1516,175,25.9354,164.487,3.1182,2.1516,2.1516,3.1182
20210718.19,121.787,32.0029,5.2961,-4.1767,2.4761,0.28842,2.0589,175,25.2627,163.099,2.8363,2.0589,2.0589,2.8363
20210718.2,121.787,32.0029,5.2961,-4.4965,2.6681,0.29834,2.0197,175,24.5467,161.862,2.8363,2.0197,2.0197,2.8363
20210718.21,121.787,32.0029,5.2961,-4.3734,2.605,0.30058,2.0265,175,24.3556,161.38,2.8363,2.0265,2.0265,2.8363
20210718.22,121.787,32.0029,5.2961,-3.5176,2.6833,0.28516,2.0445,175,24.5284,161.614,2.8363,2.0445,2.0445,2.8363
20210718.23,121.787,32.0029,5.2961,-3.9683,2.13,0.27848,2.0257,175,24.255,162.307,2.8363,2.0257,2.0257,2.8363
20210719,121.787,32.0029,5.2961,-4.1321,2.0578,0.28089,2.0149,175,23.8674,163.09,2.5798,2.0149,2.0149,2.5798
20210719.01,121.787,32.0029,5.2961,-4.1389,1.9849,0.28186,2.02,175,23.8802,163.973,2.5798,2.02,2.02,2.5798
20210719.02,121.787,32.0029,5.2961,-4.4195,1.9252,0.28716,2.0177,175,23.8204,164.58,2.8363,2.0177,2.0177,2.8363
20210719.03,121.787,32.0029,5.2961,-4.9632,1.7004,0.30146,2.0238,175,23.6987,165.205,2.5798,2.0238,2.0238,2.5798
20210719.04,121.787,32.0029,5.2961,-5.4484,1.6974,0.32154,2.053,175,23.4414,165.982,2.8363,2.053,2.053,2.8363
20210719.05,121.787,32.0029,5.2961,-5.4113,2.2168,0.33903,2.1101,175,23.4331,165.837,2.8363,2.1101,2.1101,2.8363
20210719.06,121.787,32.0029,5.2961,-5.197,2.6632,0.34853,2.1717,175,23.5062,165.632,2.8363,2.1717,2.1717,2.8363
20210719.07,121.787,32.0029,5.2961,-5.0836,3.1763,0.35771,2.2154,175,23.8598,164.761,2.8363,2.2154,2.2154,2.8363
20210719.08,121.787,32.0029,5.2961,-4.8771,3.4582,0.36331,2.2539,175,24.2029,164.192,2.8363,2.2539,2.2539,2.8363
20210719.09,121.787,32.0029,5.2961,-4.6051,3.2972,0.361,2.2826,175,24.5901,164.117,2.8363,2.2826,2.2826,2.8363
20210719.1,121.787,32.0029,5.2961,-3.9156,2.9126,0.34313,2.3178,175,25.0647,165.055,2.8363,2.3178,2.3178,2.8363
20210719.11,121.787,32.0029,5.2961,-4.4594,2.6918,0.34153,2.2856,175,24.9777,164.936,3.1182,2.2856,2.2856,3.1182
20210719.12,121.787,32.0029,5.2961,-5.3453,3.5332,0.36604,2.2398,175,24.5165,163.268,3.1182,2.2398,2.2398,3.1182
20210719.13,121.787,32.0029,5.2961,-4.9512,3.6132,0.3769,2.2664,175,24.4934,162.576,2.8363,2.2664,2.2664,2.8363
20210719.14,121.787,32.0029,5.2961,-4.7744,3.3886,0.37614,2.2954,175,24.5982,162.818,3.1182,2.2954,2.2954,3.1182
20210719.15,121.787,32.0029,5.2961,-4.7237,3.3498,0.37766,2.3256,175,24.5223,162.944,3.1182,2.3256,2.3256,3.1182
20210719.16,121.787,32.0029,5.2961,-5.0512,3.452,0.39009,2.3479,175,24.3312,163.058,3.1182,2.3479,2.3479,3.1182
20210719.17,121.787,32.0029,5.2961,-5.0976,3.646,0.40524,2.3851,175,24.3676,163.233,3.1182,2.3851,2.3851,3.1182
20210719.18,121.787,32.0029,5.2961,-5.3271,3.6773,0.41908,2.431,175,24.3316,163.717,3.1182,2.431,2.431,3.1182
20210719.19,121.787,32.0029,5.2961,-5.368,3.3292,0.43029,2.4757,175,24.3822,164.507,3.1182,2.4757,2.4757,3.1182
20210719.2,121.787,32.0029,5.2961,-5.6635,3.0459,0.44122,2.5133,175,24.2161,165.474,3.1182,2.5133,2.5133,3.1182
20210719.21,121.787,32.0029,5.2961,-6.1749,2.7351,0.46052,2.5446,175,24.0037,166.294,3.4282,2.5446,2.5446,3.4282
20210719.22,121.787,32.0029,5.2961,-5.9037,1.8707,0.46242,2.6005,175,23.6463,168.361,3.4282,2.6005,2.6005,3.4282
20210719.23,121.787,32.0029,5.2961,-6.7076,2.1027,0.48454,2.6256,175,23.2798,169.326,3.4282,2.6256,2.6256,3.4282
20210720,121.787,32.0029,5.2961,-6.689,2.7255,0.50716,2.6806,175,23.1931,169.742,3.4282,2.6806,2.6806,3.4282
20210720.01,121.787,32.0029,5.2961,-6.4922,3.1317,0.52106,2.7453,175,23.3087,170.185,3.4282,2.7453,2.7453,3.4282
20210720.02,121.787,32.0029,5.2961,-6.4595,3.122,0.52917,2.8001,185,23.4663,170.57,3.4282,2.8001,2.8001,3.4282
20210720.03,121.787,32.0029,5.2961,-6.2958,2.7084,0.53108,2.8496,175,23.4601,171.305,3.769,2.8496,2.8496,3.769
20210720.04,121.787,32.0029,5.2961,-6.3897,2.4757,0.53227,2.8769,175,23.3873,171.907,3.769,2.8769,2.8769,3.769
20210720.05,121.787,32.0029,5.2961,-6.7928,2.4373,0.54186,2.8714,175,23.2434,172.089,3.769,2.8714,2.8714,3.769
20210720.06,121.787,32.0029,5.2961,-7.1538,2.3037,0.55486,2.8714,175,23.0439,172.351,3.769,2.8714,2.8714,3.769
20210720.07,121.787,32.0029,5.2961,-7.2193,2.1161,0.56493,2.8812,175,22.8449,172.709,3.769,2.8812,2.8812,3.769
20210720.08,121.787,32.0029,5.2961,-7.1575,2.0493,0.56932,2.9061,175,22.6938,173.123,3.769,2.9061,2.9061,3.769
20210720.09,121.787,32.0029,5.2961,-7.0024,1.9724,0.56985,2.9271,175,22.6015,173.501,3.769,2.9271,2.9271,3.769
20210720.1,121.787,32.0029,5.2961,-6.8179,1.6152,0.5651,2.9624,175,22.3638,174.253,3.769,2.9624,2.9624,3.769
20210720.11,121.787,32.0029,5.2961,-7.3532,1.7781,0.57587,2.9585,175,22.2572,174.379,3.769,2.9585,2.9585,3.769
20210720.12,121.787,32.0029,5.2961,-7.3044,1.9972,0.5881,2.984,175,22.1494,174.422,3.769,2.984,2.984,3.769
20210720.13,121.787,32.0029,5.2961,-7.3132,2.0517,0.59732,3.015,175,22.135,174.579,3.769,3.015,3.015,3.769
20210720.14,121.787,32.0029,5.2961,-7.0071,2.0831,0.59859,3.0593,175,22.0722,174.861,3.769,3.0593,3.0593,3.769
20210720.15,121.787,32.0029,5.2961,-6.8979,1.8887,0.59628,3.0877,175,22.0525,175.229,3.769,3.0877,3.0877,3.769
20210720.16,121.787,32.0029,5.2961,-7.4887,1.9925,0.60753,3.0751,175,22.0708,175.155,3.769,3.0751,3.0751,3.769
20210720.17,121.787,32.0029,5.2961,-7.8113,2.2337,0.62771,3.0699,175,22.0767,174.815,3.769,3.0699,3.0699,3.769
20210720.18,121.787,32.0029,5.2961,-7.3886,2.2192,0.63191,3.1148,175,22.0179,174.982,3.769,3.1148,3.1148,3.769
20210720.19,121.787,32.0029,5.2961,-6.4932,1.8177,0.61238,3.1807,175,21.9787,175.751,3.769,3.1807,3.1807,3.769
20210720.2,121.787,32.0029,5.2961,-5.866,1.1301,0.58126,3.2263,175,21.8571,176.938,3.769,3.2263,3.2263,3.769
20210720.21,121.787,32.0029,5.2961,-5.6492,0.2324,0.55228,3.2481,185,21.5545,178.32,4.1436,3.2481,3.2481,4.1436
20210720.22,121.787,32.0029,5.2961,-4.9362,-0.2761,0.5207,3.2718,185,21.3763,179.563,4.1436,3.2718,3.2718,4.1436
20210720.23,121.787,32.0029,5.2961,-5.4878,-1.0791,0.50002,3.1878,185,21.2915,180.647,4.1436,3.1878,3.1878,4.1436
20210721,121.787,32.0029,5.2961,-5.9191,-1.4354,0.49144,3.0167,185,21.4907,181.615,4.1436,3.0167,3.0167,4.1436
20210721.01,121.787,32.0029,5.2961,-6.1743,-0.9874,0.49066,2.847,185,22.0296,182.159,3.769,2.847,2.847,3.769
20210721.02,121.787,32.0029,5.2961,-6.1079,-0.9903,0.48711,2.7495,175,22.773,182.877,3.769,2.7495,2.7495,3.769
20210721.03,121.787,32.0029,5.2961,-5.7871,-1.5245,0.47714,2.7078,175,23.462,184.227,3.769,2.7078,2.7078,3.769
20210721.04,121.787,32.0029,5.2961,-5.4317,-1.9604,0.46284,2.6975,175,24.1467,185.892,3.4282,2.6975,2.6975,3.4282
20210721.05,121.787,32.0029,5.2961,-5.2935,-2.3153,0.45267,2.6782,175,24.9361,187.806,3.4282,2.6782,2.6782,3.4282
20210721.06,121.787,32.0029,5.2961,-4.988,-2.8621,0.44388,2.6533,175,25.8429,190.005,3.4282,2.6533,2.6533,3.4282
20210721.07,121.787,32.0029,5.2961,-4.6782,-3.3282,0.43849,2.6261,175,27.0437,192.732,3.4282,2.6261,2.6261,3.4282
20210721.08,121.787,32.0029,5.2961,-4.5424,-3.7127,0.43741,2.5986,185,28.0175,195.651,3.4282,2.5986,2.5986,3.4282
20210721.09,121.787,32.0029,5.2961,-4.7934,-3.943,0.44862,2.5851,185,28.7107,198.583,3.1182,2.5851,2.5851,3.1182
20210721.1,121.787,32.0029,5.2961,-4.5475,-2.9133,0.45767,2.6487,185,28.5775,199.406,3.1182,2.6487,2.6487,3.1182
20210721.11,121.787,32.0029,5.2961,-5.7149,-2.7428,0.48004,2.6739,185,28.1696,198.955,3.1182,2.6739,2.6739,3.1182
20210721.12,121.787,32.0029,5.2961,-6.3885,-1.9859,0.51137,2.7059,185,27.6625,197.747,3.1182,2.7059,2.7059,3.1182
20210721.13,121.787,32.0029,5.2961,-6.7391,-1.4488,0.5396,2.7682,185,27.1566,195.596,3.1182,2.7682,2.7682,3.1182
20210721.14,121.787,32.0029,5.2961,-7.0653,-1.1734,0.56752,2.8379,185,26.6326,193.519,3.1182,2.8379,2.8379,3.1182
20210721.15,121.787,32.0029,5.2961,-7.0109,-1.1698,0.5886,2.9268,185,26.2303,191.645,3.1182,2.9268,2.9268,3.1182
20210721.16,121.787,32.0029,5.2961,-6.869,-1.2523,0.60265,3.0159,185,25.8317,190.258,3.4282,3.0159,3.0159,3.4282
20210721.17,121.787,32.0029,5.2961,-7.0191,-1.1186,0.61709,3.0841,185,25.4406,189.039,3.4282,3.0841,3.0841,3.4282
20210721.18,121.787,32.0029,5.2961,-7.2177,-0.9845,0.63388,3.1427,185,24.9813,187.964,3.4282,3.1427,3.1427,3.4282
20210721.19,121.787,32.0029,5.2961,-7.1138,-1.1409,0.64557,3.1994,185,24.5579,187.414,3.4282,3.1994,3.1994,3.4282
20210721.2,121.787,32.0029,5.2961,-6.9842,-1.4786,0.65073,3.2573,185,24.2675,187.395,3.769,3.2573,3.2573,3.769
20210721.21,121.787,32.0029,5.2961,-6.9345,-1.9118,0.65603,3.2931,185,24.0111,187.771,3.769,3.2931,3.2931,3.769
20210721.22,121.787,32.0029,5.2961,-6.5586,-2.2565,0.65467,3.3352,185,24.0282,188.471,3.769,3.3352,3.3352,3.769
20210721.23,121.787,32.0029,5.2961,-7.1105,-2.2966,0.66165,3.3234,185,24.0245,189.003,3.769,3.3234,3.3234,3.769
20210722,121.787,32.0029,5.2961,-7.8204,-2.0257,0.68408,3.2876,185,24.1136,189.002,3.769,3.2876,3.2876,3.769
20210722.01,121.787,32.0029,5.2961,-7.7325,-1.9324,0.7029,3.3048,185,24.0676,188.98,3.769,3.3048,3.3048,3.769
20210722.02,121.787,32.0029,5.2961,-7.5175,-2.2971,0.71264,3.352,185,24.0523,189.431,3.769,3.352,3.352,3.769
20210722.03,121.787,32.0029,5.2961,-7.8618,-2.0986,0.72529,3.3765,185,24.1419,189.498,3.769,3.3765,3.3765,3.769
20210722.04,121.787,32.0029,5.2961,-7.875,-1.7197,0.73776,3.4067,185,24.1997,189.452,3.769,3.4067,3.4067,3.769
20210722.05,121.787,32.0029,5.2961,-7.3195,-1.7492,0.73313,3.4652,185,24.2323,189.633,3.769,3.4652,3.4652,3.769
20210722.06,121.787,32.0029,5.2961,-7.1051,-1.7285,0.72339,3.4963,185,24.2969,190.056,3.769,3.4963,3.4963,3.769
20210722.07,121.787,32.0029,5.2961,-7.0679,-1.7057,0.71289,3.5023,185,24.4014,190.288,3.769,3.5023,3.5023,3.769
20210722.08,121.787,32.0029,5.2961,-7.2094,-1.639,0.70912,3.4762,185,24.422,190.44,3.769,3.4762,3.4762,3.769
20210722.09,121.787,32.0029,5.2961,-7.2613,-1.7587,0.70613,3.4596,185,24.4597,190.411,3.769,3.4596,3.4596,3.769
20210722.1,121.787,32.0029,5.2961,-7.6679,-1.5282,0.71557,3.4194,185,24.3852,190.116,3.769,3.4194,3.4194,3.769
20210722.11,121.787,32.0029,5.2961,-7.5822,-0.8114,0.72336,3.4261,185,24.3842,189.332,3.769,3.4261,3.4261,3.769
20210722.12,121.787,32.0029,5.2961,-7.1761,-0.8457,0.72344,3.4551,185,24.1762,188.861,3.769,3.4551,3.4551,3.769
20210722.13,121.787,32.0029,5.2961,-7.5062,-0.7188,0.72604,3.4772,185,24.0004,188.131,3.769,3.4772,3.4772,3.769
20210722.14,121.787,32.0029,5.2961,-7.3292,-0.8488,0.72917,3.504,185,23.7216,187.617,3.769,3.504,3.504,3.769
20210722.15,121.787,32.0029,5.2961,-7.4018,-0.8955,0.73115,3.524,185,23.5575,187.303,3.769,3.524,3.524,3.769
20210722.16,121.787,32.0029,5.2961,-7.5305,-1.0193,0.73522,3.532,185,23.403,187.073,3.769,3.532,3.532,3.769
20210722.17,121.787,32.0029,5.2961,-7.556,-1.2536,0.73889,3.5364,185,23.3604,187.117,3.769,3.5364,3.5364,3.769
20210722.18,121.787,32.0029,5.2961,-7.5583,-1.6411,0.74286,3.5463,185,23.2183,187.343,3.769,3.5463,3.5463,3.769
20210722.19,121.787,32.0029,5.2961,-7.6662,-1.973,0.7483,3.5445,185,23.2842,187.658,3.769,3.5445,3.5445,3.769
20210722.2,121.787,32.0029,5.2961,-7.9473,-2.1263,0.76021,3.5423,185,23.2841,187.962,3.769,3.5423,3.5423,3.769
20210722.21,121.787,32.0029,5.2961,-7.8514,-2.491,0.7713,3.5483,185,23.4049,188.431,3.769,3.5483,3.5483,3.769
20210722.22,121.787,32.0029,5.2961,-7.508,-2.4624,0.77346,3.5846,185,23.4877,188.972,3.769,3.5846,3.5846,3.769
20210722.23,121.787,32.0029,5.2961,-8.1949,-2.7657,0.78839,3.5771,185,23.5892,189.38,4.1436,3.5771,3.5771,4.1436
20210723,121.787,32.0029,5.2961,-8.8158,-2.9203,0.81603,3.5712,185,23.712,189.523,4.1436,3.5712,3.5712,4.1436
20210723.01,121.787,32.0029,5.2961,-8.3672,-3.4996,0.83319,3.6014,185,23.9469,190.254,4.1436,3.6014,3.6014,4.1436
20210723.02,121.787,32.0029,5.2961,-7.8206,-3.7146,0.83533,3.6603,185,24.1564,191.269,4.1436,3.6603,3.6603,4.1436
20210723.03,121.787,32.0029,5.2961,-8.1216,-3.3785,0.83951,3.6826,185,24.4264,192.027,4.1436,3.6826,3.6826,4.1436
20210723.04,121.787,32.0029,5.2961,-7.9078,-3.1482,0.83858,3.712,185,24.5425,192.501,4.1436,3.712,3.712,4.1436
20210723.05,121.787,32.0029,5.2961,-7.4116,-3.3362,0.8266,3.7311,185,24.7777,193.431,4.1436,3.7311,3.7311,4.1436
20210723.06,121.787,32.0029,5.2961,-7.7501,-3.2211,0.81855,3.7177,185,24.9237,194,4.1436,3.7177,3.7177,4.1436
20210723.07,121.787,32.0029,5.2961,-7.692,-3.113,0.81399,3.6907,185,25.0925,194.535,4.1436,3.6907,3.6907,4.1436
20210723.08,121.787,32.0029,5.2961,-7.2551,-2.9632,0.80171,3.6948,185,25.151,194.999,4.1436,3.6948,3.6948,4.1436
20210723.09,121.787,32.0029,5.2961,-6.7823,-3.1511,0.7833,3.6913,185,25.352,195.677,4.1436,3.6913,3.6913,4.1436
20210723.1,121.787,32.0029,5.2961,-6.8283,-2.6452,0.76643,3.6807,185,25.4326,195.822,4.1436,3.6807,3.6807,4.1436
20210723.11,121.787,32.0029,5.2961,-7.202,-3.185,0.76284,3.6248,185,25.5149,195.927,3.769,3.6248,3.6248,3.769
20210723.12,121.787,32.0029,5.2961,-7.2142,-3.4318,0.76264,3.595,185,25.5518,195.9,3.769,3.595,3.595,3.769
20210723.13,121.787,32.0029,5.2961,-7.2034,-3.6158,0.76782,3.5687,185,25.6368,196.126,3.769,3.5687,3.5687,3.769
20210723.14,121.787,32.0029,5.2961,-7.7378,-3.4728,0.78057,3.5532,185,25.6462,195.769,3.769,3.5532,3.5532,3.769
20210723.15,121.787,32.0029,5.2961,-8.6959,-2.8041,0.8104,3.5271,185,25.5514,194.768,3.769,3.5271,3.5271,3.769
20210723.16,121.787,32.0029,5.2961,-8.6182,-2.7174,0.83322,3.5639,185,25.4078,193.7,3.769,3.5639,3.5639,3.769
20210723.17,121.787,32.0029,5.2961,-8.2504,-3.3343,0.8469,3.6218,185,25.3215,193.303,3.769,3.6218,3.6218,3.769
20210723.18,121.787,32.0029,5.2961,-8.1137,-4.0341,0.85789,3.6733,185,25.4255,193.435,3.769,3.6733,3.6733,3.769
20210723.19,121.787,32.0029,5.2961,-8.5605,-4.1509,0.87655,3.6969,185,25.4472,193.585,4.1436,3.6969,3.6969,4.1436
20210723.2,121.787,32.0029,5.2961,-9.1242,-4.5831,0.90409,3.7092,185,25.5832,193.854,4.1436,3.7092,3.7092,4.1436
20210723.21,121.787,32.0029,5.2961,-9.465,-4.3918,0.93591,3.7364,185,25.5159,194.193,4.1436,3.7364,3.7364,4.1436
20210723.22,121.787,32.0029,5.2961,-9.2427,-3.7645,0.95513,3.7995,185,25.418,194.188,4.1436,3.7995,3.7995,4.1436
20210723.23,121.787,32.0029,5.2961,-10.2118,-3.3886,0.98686,3.8376,185,25.2019,193.699,4.1436,3.8376,3.8376,4.1436
20210724,121.787,32.0029,5.2961,-9.9314,-3.2553,1.01175,3.8986,185,25.1049,193.5,4.1436,3.8986,3.8986,4.1436
20210724.01,121.787,32.0029,5.2961,-9.9804,-3.0605,1.02869,3.9714,185,24.9063,193.258,4.5556,3.9714,3.9714,4.5556
20210724.02,121.787,32.0029,5.2961,-10.1522,-2.9539,1.04832,4.0242,185,24.7483,193.14,4.5556,4.0242,4.0242,4.5556
20210724.03,121.787,32.0029,5.2961,-9.6171,-3.0489,1.05692,4.1044,185,24.5391,193.196,4.5556,4.1044,4.1044,4.5556
20210724.04,121.787,32.0029,5.2961,-8.7542,-3.6156,1.05248,4.1834,185,24.2624,193.7,4.5556,4.1834,4.1834,4.5556
20210724.05,121.787,32.0029,5.2961,-8.9698,-4.2762,1.04836,4.2122,185,24.2234,194.326,4.5556,4.2122,4.2122,4.5556
20210724.06,121.787,32.0029,5.2961,-9.2247,-4.3155,1.04974,4.2047,185,24.2702,194.9,4.5556,4.2047,4.2047,4.5556
20210724.07,121.787,32.0029,5.2961,-9.2217,-4.8179,1.05115,4.1895,185,24.4382,195.651,4.5556,4.1895,4.1895,4.5556
20210724.08,121.787,32.0029,5.2961,-9.5854,-4.9647,1.06028,4.1557,185,24.6518,196.481,4.5556,4.1558,4.1558,4.5556
20210724.09,121.787,32.0029,5.2961,-9.6202,-4.5155,1.06978,4.1492,185,24.748,196.884,4.5556,4.1492,4.1492,4.5556
20210724.1,121.787,32.0029,5.2961,-8.9837,-4.7036,1.06985,4.1742,185,24.7791,197.349,4.5556,4.1742,4.1742,4.5556
20210724.11,121.787,32.0029,5.2961,-10.2385,-4.8971,1.0903,4.1572,185,24.8052,197.324,4.5556,4.1572,4.1572,4.5556
20210724.12,121.787,32.0029,5.2961,-9.8601,-5.2497,1.11296,4.1809,185,24.9218,197.539,4.5556,4.1809,4.1809,4.5556
20210724.13,121.787,32.0029,5.2961,-9.7025,-5.8687,1.1304,4.2151,185,25.0252,197.996,4.5556,4.2151,4.2151,4.5556
20210724.14,121.787,32.0029,5.2961,-9.3771,-6.2333,1.14231,4.2557,185,25.2738,198.703,4.5556,4.2557,4.2557,4.5556
20210724.15,121.787,32.0029,5.2961,-9.3999,-6.6921,1.15742,4.2763,185,25.4902,199.561,4.5556,4.2763,4.2763,4.5556
20210724.16,121.787,32.0029,5.2961,-9.6486,-7.3296,1.1775,4.2863,185,25.8712,200.586,4.5556,4.2863,4.2863,4.5556
20210724.17,121.787,32.0029,5.2961,-9.8309,-8.053,1.2036,4.2786,185,26.1697,201.794,4.5556,4.2786,4.2786,4.5556
20210724.18,121.787,32.0029,5.2961,-10.2671,-8.4185,1.23331,4.2724,185,26.5351,203.025,4.5556,4.2724,4.2724,4.5556
20210724.19,121.787,32.0029,5.2961,-10.3476,-9.1133,1.26536,4.2621,185,26.8087,204.351,4.5556,4.2621,4.2621,4.5556
20210724.2,121.787,32.0029,5.2961,-10.1016,-9.6474,1.28815,4.2758,185,27.283,205.615,5.0084,4.2758,4.2758,5.0084
20210724.21,121.787,32.0029,5.2961,-10.8015,-10.7235,1.32579,4.2769,185,27.6633,206.78,5.0084,4.2769,4.2769,5.0084
20210724.22,121.787,32.0029,5.2961,-12.5655,-9.7855,1.37516,4.2993,185,27.7747,206.993,5.0084,4.2993,4.2993,5.0084
20210724.23,121.787,32.0029,5.2961,-12.1241,-10.4254,1.41708,4.3519,185,27.9812,207.417,5.0084,4.3519,4.3519,5.0084
20210725,121.787,32.0029,5.2961,-12.8053,-9.4669,1.45331,4.4194,185,28.0477,207.362,5.0084,4.4194,4.4194,5.0084
20210725.01,121.787,32.0029,5.2961,-14.439,-9.4612,1.51219,4.4642,185,28.0936,207.164,5.0084,4.4642,4.4642,5.0084
20210725.02,121.787,32.0029,5.2961,-15.2798,-8.3899,1.56183,4.5419,185,28.0444,206.445,5.0084,4.5419,4.5419,5.0084
20210725.03,121.787,32.0029,5.2961,-15.3558,-7.2827,1.60106,4.6334,185,27.9121,205.682,5.0084,4.6334,4.6334,5.0084
20210725.04,121.787,32.0029,5.2961,-15.6601,-6.676,1.63726,4.7261,185,27.7771,204.888,5.0084,4.7261,4.7261,5.0084
20210725.05,121.787,32.0029,5.2961,-15.4649,-6.3722,1.66693,4.8122,185,27.6498,204.41,5.5063,4.8122,4.8122,5.5063
20210725.06,121.787,32.0029,5.2961,-14.633,-6.3836,1.68113,4.9164,185,27.4463,203.923,5.5063,4.9164,4.9164,5.5063
20210725.07,121.787,32.0029,5.2961,-14.9255,-6.2804,1.70386,5.0021,185,27.1421,203.408,5.5063,5.0021,5.0021,5.5063
20210725.08,121.787,32.0029,5.2961,-15.1641,-6.8783,1.72747,5.0729,185,26.8914,203.009,5.5063,5.0729,5.0729,5.5063
20210725.09,121.787,32.0029,5.2961,-15.2827,-7.4174,1.74857,5.1342,185,26.6434,202.693,5.5063,5.1342,5.1342,5.5063
20210725.1,121.787,32.0029,5.2961,-16.3296,-7.0494,1.77183,5.1857,185,26.3489,202.108,5.5063,5.1857,5.1857,5.5063
20210725.11,121.787,32.0029,5.2961,-15.7433,-7.4699,1.78175,5.2503,185,26.0912,201.762,6.0537,5.2503,5.2503,6.0537
20210725.12,121.787,32.0029,5.2961,-16.0915,-7.2907,1.79331,5.3087,185,25.8113,201.341,6.0537,5.3087,5.3087,6.0537
20210725.13,121.787,32.0029,5.2961,-17.0302,-5.4016,1.80397,5.3642,185,25.4734,200.595,6.0537,5.3642,5.3642,6.0537
20210725.14,121.787,32.0029,5.2961,-16.3188,-4.5376,1.80245,5.4401,185,25.1408,199.949,6.0537,5.4401,5.4401,6.0537
20210725.15,121.787,32.0029,5.2961,-15.9175,-3.8734,1.80157,5.5188,185,24.7814,199.285,6.0537,5.5188,5.5188,6.0537
20210725.16,121.787,32.0029,5.2961,-15.8981,-2.6676,1.80324,5.6,185,24.3655,198.475,6.6554,5.6,5.6,6.6554
20210725.17,121.787,32.0029,5.2961,-16.5584,-1.6416,1.81209,5.6688,185,23.9307,197.583,6.6554,5.6688,5.6688,6.6554
20210725.18,121.787,32.0029,5.2961,-16.7071,-0.9833,1.81751,5.7381,185,23.4917,196.777,6.6554,5.7381,5.7381,6.6554
20210725.19,121.787,32.0029,5.2961,-16.473,-1.4718,1.81964,5.8084,185,23.0647,196.203,6.6554,5.8085,5.8085,6.6554
20210725.2,121.787,32.0029,5.2961,-15.9992,-1.4666,1.81745,5.8818,185,22.6493,195.75,6.6554,5.8818,5.8818,6.6554
20210725.21,121.787,32.0029,5.2961,-16.1164,-0.8407,1.81836,5.9398,185,22.2556,195.288,6.6554,5.9398,5.9398,6.6554
20210725.22,121.787,32.0029,5.2961,-16.3119,1.3853,1.81876,5.9834,185,21.9243,194.702,7.3171,5.9834,5.9834,7.3171
20210725.23,121.787,32.0029,5.2961,-16.1093,1.0959,1.81787,6.0233,185,21.6352,194.312,7.3171,6.0233,6.0233,7.3171
20210726,121.787,32.0029,5.2961,-16.303,1.5565,1.81919,6.0464,185,21.4018,193.919,8.0444,6.0464,6.0464,8.0444
20210726.01,121.787,32.0029,5.2961,-16.33,2.3497,1.81907,6.0598,185,21.2335,193.503,8.8441,6.0598,6.0598,8.8441
20210726.02,121.787,32.0029,5.2961,-16.1268,3.3509,1.81668,6.0701,185,21.1209,193.066,8.8441,6.0701,6.0701,8.8441
20210726.03,121.787,32.0029,5.2961,-15.5835,4.7435,1.81115,6.0838,185,21.0626,192.599,8.8441,6.0838,6.0838,8.8441
20210726.04,121.787,32.0029,5.2961,-14.7726,5.2681,1.80343,6.1125,185,21.003,192.207,8.8441,6.1125,6.1125,8.8441
20210726.05,121.787,32.0029,5.2961,-14.4224,5.812,1.7996,6.1395,185,20.9383,191.814,8.8441,6.1395,6.1395,8.8441
20210726.06,121.787,32.0029,5.2961,-14.1994,7.1093,1.79822,6.1539,185,20.9613,191.35,8.8441,6.1539,6.1539,8.8441
20210726.07,121.787,32.0029,5.2961,-13.3596,7.5175,1.79063,6.1895,185,20.9807,191.04,8.8441,6.1895,6.1895,8.8441
20210726.08,121.787,32.0029,5.2961,-12.6898,6.6913,1.78072,6.24,185,20.912,190.929,8.8441,6.24,6.24,8.8441
20210726.09,121.787,32.0029,5.2961,-13.1023,6.4786,1.7786,6.2477,185,20.8776,190.758,8.8441,6.2477,6.2477,8.8441
20210726.1,121.787,32.0029,5.2961,-14.0961,6.0471,1.78286,6.2106,185,20.8985,190.523,8.8441,6.2106,6.2106,8.8441
20210726.11,121.787,32.0029,5.2961,-14.3952,6.1047,1.78319,6.1682,185,20.9734,190.274,8.8441,6.1682,6.1682,8.8441
20210726.12,121.787,32.0029,5.2961,-13.4935,6.0208,1.77215,6.1609,185,21.0075,190.139,8.0444,6.1609,6.1609,8.0444
20210726.13,121.787,32.0029,5.2961,-12.4293,5.3363,1.75586,6.1803,185,20.9344,190.15,8.0444,6.1803,6.1803,8.0444
20210726.14,121.787,32.0029,5.2961,-12.8676,6.5136,1.75354,6.1439,185,20.9997,189.878,8.0444,6.1439,6.1439,8.0444
20210726.15,121.787,32.0029,5.2961,-12.4104,7.281,1.74441,6.1217,185,21.1266,189.642,8.0444,6.1217,6.1217,8.0444
20210726.16,121.787,32.0029,5.2961,-12.3663,7.3871,1.7367,6.091,185,21.2707,189.451,8.0444,6.091,6.091,8.0444
20210726.17,121.787,32.0029,5.2961,-13.0934,7.4094,1.73591,6.0282,185,21.4558,189.12,8.0444,6.0282,6.0282,8.0444
20210726.18,121.787,32.0029,5.2961,-13.5028,7.9324,1.73696,5.9525,185,21.6898,188.661,8.0444,5.9525,5.9525,8.0444
20210726.19,121.787,32.0029,5.2961,-12.3704,8.3462,1.72374,5.9297,185,21.8625,188.375,8.0444,5.9297,5.9297,8.0444
20210726.2,121.787,32.0029,5.2961,-11.1825,9.6287,1.70779,5.911,185,22.1213,188.055,8.0444,5.911,5.911,8.0444
20210726.21,121.787,32.0029,5.2961,-10.3857,10.4159,1.69208,5.893,185,22.4304,187.78,8.0444,5.8931,5.8931,8.0444
20210726.22,121.787,32.0029,5.2961,-7.5775,11.1372,1.65583,5.9427,185,22.7365,187.967,8.0444,5.9427,5.9427,8.0444
20210726.23,121.787,32.0029,5.2961,-9.2513,9.5482,1.64343,5.9271,185,22.8561,187.829,8.0444,5.9271,5.9271,8.0444
20210727,121.787,32.0029,5.2961,-10.3451,8.617,1.6332,5.8854,185,22.9628,187.544,8.0444,5.8854,5.8854,8.0444
20210727.01,121.787,32.0029,5.2961,-11.1253,8.0506,1.62331,5.808,185,23.1078,186.994,8.0444,5.808,5.808,8.0444
20210727.02,121.787,32.0029,5.2961,-10.8103,7.8106,1.60291,5.7396,185,23.2182,186.433,7.3171,5.7396,5.7396,7.3171
20210727.03,121.787,32.0029,5.2961,-10.6272,8.9904,1.58864,5.6319,185,23.5404,185.48,7.3171,5.6319,5.6319,7.3171
20210727.04,121.787,32.0029,5.2961,-9.5465,9.1322,1.56235,5.5876,185,23.7619,184.924,7.3171,5.5876,5.5876,7.3171
20210727.05,121.787,32.0029,5.2961,-8.9577,9.2107,1.53842,5.5559,185,24.0039,184.508,7.3171,5.5559,5.5559,7.3171
20210727.06,121.787,32.0029,5.2961,-9.6379,9.5447,1.53514,5.5081,185,24.2507,183.991,7.3171,5.5081,5.5081,7.3171
20210727.07,121.787,32.0029,5.2961,-10.0373,8.1521,1.53351,5.5029,185,24.1468,183.997,7.3171,5.5029,5.5029,7.3171
20210727.08,121.787,32.0029,5.2961,-10.3634,7.7228,1.53403,5.4819,185,24.1255,184.011,7.3171,5.4819,5.4819,7.3171
20210727.09,121.787,32.0029,5.2961,-10.6665,7.4075,1.53135,5.4613,185,24.0924,184.122,7.3171,5.4613,5.4613,7.3171
20210727.1,121.787,32.0029,5.2961,-10.8876,6.7679,1.52852,5.4293,185,24.0103,184.225,7.3171,5.4293,5.4293,7.3171
20210727.11,121.787,32.0029,5.2961,-11.059,6.6137,1.52614,5.3976,185,23.9346,184.311,7.3171,5.3976,5.3976,7.3171
20210727.12,121.787,32.0029,5.2961,-11.0931,6.8579,1.52564,5.3613,185,23.8958,184.279,7.3171,5.3613,5.3613,7.3171
20210727.13,121.787,32.0029,5.2961,-10.5337,7.3588,1.51687,5.3546,185,23.8854,184.398,7.3171,5.3546,5.3546,7.3171
20210727.14,121.787,32.0029,5.2961,-10.2892,7.609,1.50823,5.3454,185,23.9495,184.5,7.3171,5.3454,5.3454,7.3171
20210727.15,121.787,32.0029,5.2961,-10.2009,7.6083,1.49972,5.3502,185,23.9813,184.779,7.3171,5.3502,5.3502,7.3171
20210727.16,121.787,32.0029,5.2961,-10.0772,7.3698,1.48798,5.347,185,24.0643,185.075,7.3171,5.347,5.347,7.3171
20210727.17,121.787,32.0029,5.2961,-9.8088,7.4161,1.4674,5.3392,185,24.1907,185.372,7.3171,5.3392,5.3392,7.3171
20210727.18,121.787,32.0029,5.2961,-9.4057,7.8697,1.44071,5.3022,185,24.4631,185.384,7.3171,5.3022,5.3022,7.3171
20210727.19,121.787,32.0029,5.2961,-8.953,8.3798,1.40826,5.2561,185,24.7802,185.215,6.6554,5.2561,5.2561,6.6554
20210727.2,121.787,32.0029,5.2961,-8.703,8.2882,1.37393,5.195,185,25.0594,184.933,6.6554,5.195,5.195,6.6554
20210727.21,121.787,32.0029,5.2961,-8.6652,8.1205,1.34155,5.1349,185,25.2815,184.534,6.6554,5.1349,5.1349,6.6554
20210727.22,121.787,32.0029,5.2961,-8.5276,7.4079,1.3083,5.0747,185,25.3706,184.267,6.6554,5.0747,5.0747,6.6554
20210727.23,121.787,32.0029,5.2961,-8.1625,7.9441,1.2771,5.013,185,25.6244,183.796,6.6554,5.013,5.013,6.6554
20210728,121.787,32.0029,5.2961,-8.1207,7.5997,1.25013,4.948,185,25.7892,183.445,6.6554,4.948,4.948,6.6554
20210728.01,121.787,32.0029,5.2961,-8.2534,6.7125,1.22857,4.9109,185,25.8115,183.506,6.6554,4.9109,4.9109,6.6554
20210728.02,121.787,32.0029,5.2961,-8.4658,6.8822,1.2202,4.8686,185,25.9592,183.594,6.6554,4.8686,4.8686,6.6554
20210728.03,121.787,32.0029,5.2961,-8.1322,7.0499,1.21207,4.8499,185,26.2086,183.829,6.6554,4.8499,4.8499,6.6554
20210728.04,121.787,32.0029,5.2961,-7.4885,7.601,1.19614,4.8347,185,26.5472,184.195,6.6554,4.8347,4.8347,6.6554
20210728.05,121.787,32.0029,5.2961,-7.451,7.7309,1.18062,4.8078,185,26.9537,184.272,6.6554,4.8078,4.8078,6.6554
20210728.06,121.787,32.0029,5.2961,-7.6222,7.7661,1.168,4.7595,185,27.227,184.133,6.6554,4.7595,4.7595,6.6554
20210728.07,121.787,32.0029,5.2961,-7.7291,7.6828,1.15701,4.7137,185,27.5101,183.805,6.6554,4.7138,4.7138,6.6554
20210728.08,121.787,32.0029,5.2961,-7.7957,7.0624,1.14104,4.6756,185,27.56,183.745,6.0537,4.6756,4.6756,6.0537
20210728.09,121.787,32.0029,5.2961,-7.097,7.4653,1.1187,4.651,185,27.8461,183.598,6.0537,4.651,4.651,6.0537
20210728.1,121.787,32.0029,5.2961,-6.8335,6.7661,1.0881,4.6375,185,27.8798,183.864,6.0537,4.6375,4.6375,6.0537
20210728.11,121.787,32.0029,5.2961,-7.1302,6.5403,1.06597,4.5942,185,28.0251,183.696,6.0537,4.5942,4.5942,6.0537
20210728.12,121.787,32.0029,5.2961,-7.0061,6.7139,1.04762,4.5435,185,28.1239,183.492,6.0537,4.5435,4.5435,6.0537
20210728.13,121.787,32.0029,5.2961,-6.4034,7.5186,1.02812,4.501,185,28.5143,183.202,6.0537,4.501,4.501,6.0537
20210728.14,121.787,32.0029,5.2961,-6.1099,7.4478,1.00695,4.4585,185,28.788,183.053,6.0537,4.4585,4.4585,6.0537
20210728.15,121.787,32.0029,5.2961,-5.6182,7.7734,0.98502,4.4204,185,29.1261,182.768,6.0537,4.4204,4.4204,6.0537
20210728.16,121.787,32.0029,5.2961,-5.5269,8.2953,0.96941,4.3525,185,29.4861,182.007,6.0537,4.3525,4.3525,6.0537
20210728.17,121.787,32.0029,5.2961,-5.6437,8.3846,0.9604,4.2692,185,29.8307,180.843,6.0537,4.2692,4.2692,6.0537
20210728.18,121.787,32.0029,5.2961,-5.63,8.4487,0.95373,4.1895,185,30.1097,179.652,6.0537,4.1895,4.1895,6.0537
20210728.19,121.787,32.0029,5.2961,-5.3899,8.5156,0.94497,4.1391,185,30.3407,178.616,6.0537,4.1391,4.1391,6.0537
20210728.2,121.787,32.0029,5.2961,-5.1091,8.4568,0.93096,4.107,185,30.4318,178.017,6.0537,4.107,4.107,6.0537
20210728.21,121.787,32.0029,5.2961,-4.4931,8.4395,0.91204,4.0893,185,30.6368,177.592,6.0537,4.0893,4.0893,6.0537
20210728.22,121.787,32.0029,5.2961,-4.0222,7.4079,0.87923,4.1207,185,30.4627,178.361,5.5063,4.1207,4.1207,5.5063
20210728.23,121.787,32.0029,5.2961,-3.9844,7.9024,0.85914,4.0766,185,30.6866,177.973,5.5063,4.0766,4.0766,5.5063
20210729,121.787,32.0029,5.2961,-3.6764,8.699,0.84836,3.9913,185,31.1405,176.894,5.5063,3.9913,3.9913,5.5063
20210729.01,121.787,32.0029,5.2961,-3.2068,8.4776,0.82897,3.9576,185,31.4275,176.613,5.5063,3.9576,3.9576,5.5063
20210729.02,121.787,32.0029,5.2961,-2.7431,8.4952,0.80821,3.9262,185,31.7115,176.403,5.5063,3.9263,3.9263,5.5063
20210729.03,121.787,32.0029,5.2961,-2.6753,8.1113,0.78817,3.8906,185,31.8229,176.148,5.5063,3.8906,3.8906,5.5063
20210729.04,121.787,32.0029,5.2961,-2.8943,7.7858,0.76889,3.8442,185,31.8447,175.546,5.5063,3.8442,3.8442,5.5063
20210729.05,121.787,32.0029,5.2961,-2.9415,7.3181,0.74652,3.7955,185,31.6445,174.842,5.5063,3.7955,3.7955,5.5063
20210729.06,121.787,32.0029,5.2961,-2.6486,7.1049,0.71956,3.7557,185,31.4148,174.055,5.5063,3.7557,3.7557,5.5063
20210729.07,121.787,32.0029,5.2961,-2.2247,6.6757,0.68729,3.7284,185,31.0057,173.555,5.5063,3.7285,3.7285,5.5063
20210729.08,121.787,32.0029,5.2961,-2.2291,6.0302,0.65425,3.696,185,30.4869,172.986,5.5063,3.696,3.696,5.5063
20210729.09,121.787,32.0029,5.2961,-0.9166,6.168,0.61513,3.6724,185,30.2885,172.973,5.5063,3.6724,3.6724,5.5063
20210729.1,121.787,32.0029,5.2961,-0.2728,5.2324,0.57411,3.6943,185,29.8021,173.559,5.5063,3.6943,3.6943,5.5063
20210729.11,121.787,32.0029,5.2961,-0.3102,5.0326,0.53819,3.6845,185,29.4245,174.014,5.5063,3.6845,3.6845,5.5063
20210729.12,121.787,32.0029,5.2961,-0.1196,5.045,0.5085,3.6219,185,29.4721,174.151,5.0084,3.6218,3.6218,5.0084
20210729.13,121.787,32.0029,5.2961,0.1444,4.638,0.48145,3.5771,185,29.3957,174.68,5.0084,3.5771,3.5771,5.0084
20210729.14,121.787,32.0029,5.2961,0.7759,4.062,0.45656,3.593,185,28.9263,175.749,5.0084,3.593,3.593,5.0084
20210729.15,121.787,32.0029,5.2961,1.6147,3.2608,0.43499,3.6509,185,28.1098,177.007,5.0084,3.6509,3.6509,5.0084
20210729.16,121.787,32.0029,5.2961,2.4227,2.3349,0.41538,3.7436,185,26.9663,178.291,5.0084,3.7436,3.7436,5.0084
20210729.17,121.787,32.0029,5.2961,2.9447,1.2763,0.39646,3.8562,185,25.5707,179.489,5.0084,3.8562,3.8562,5.0084
20210729.18,121.787,32.0029,5.2961,3.0441,0.6202,0.37787,3.9771,185,24.0813,180.539,5.0084,3.9771,3.9771,5.0084
20210729.19,121.787,32.0029,5.2961,3.1447,0.3316,0.36004,4.0777,185,22.802,181.371,5.0084,4.0777,4.0777,5.0084
20210729.2,121.787,32.0029,5.2961,3.1689,0.1374,0.3435,4.1436,185,21.7811,181.993,5.0084,4.1436,4.1436,5.0084
20210729.21,121.787,32.0029,5.2961,3.2536,0.1087,0.32889,4.1708,185,21.068,182.482,5.0084,4.1708,4.1708,5.0084
20210729.22,121.787,32.0029,5.2961,2.8225,0.4058,0.31663,4.1769,185,20.3571,182.853,5.0084,4.1769,4.1769,5.0084
20210729.23,121.787,32.0029,5.2961,2.7154,0.4423,0.30683,4.1654,185,19.8058,183.166,5.0084,4.1654,4.1654,5.0084
20210730,121.787,32.0029,5.2961,2.7064,0.3148,0.29886,4.1265,185,19.7116,183.48,5.0084,4.1265,4.1265,5.0084
20210730.01,121.787,32.0029,5.2961,2.5452,0.6336,0.29138,4.0846,185,19.7544,183.799,5.0084,4.0846,4.0846,5.0084
20210730.02,121.787,32.0029,5.2961,2.4294,0.938,0.2835,4.0443,185,19.875,184.107,5.0084,4.0443,4.0443,5.0084
20210730.03,121.787,32.0029,5.2961,2.2218,1.1906,0.27483,3.995,185,20.1965,184.401,5.0084,3.995,3.995,5.0084
20210730.04,121.787,32.0029,5.2961,1.8218,1.596,0.26552,3.9092,185,21.0342,184.713,5.0084,3.9092,3.9092,5.0084
20210730.05,121.787,32.0029,5.2961,1.4199,1.8456,0.25632,3.7405,185,23.006,185.115,5.0084,3.7405,3.7405,5.0084
20210730.06,121.787,32.0029,5.2961,0.9982,1.7055,0.24774,3.5188,185,25.9087,185.605,5.0084,3.5188,3.5188,5.0084
20210730.07,121.787,32.0029,5.2961,0.305,1.8551,0.23959,3.335,175,28.6842,185.866,5.0084,3.335,3.335,5.0084
20210730.08,121.787,32.0029,5.2961,-0.5857,2.2328,0.23248,3.1525,175,31.007,185.12,5.0084,3.1525,3.1525,5.0084
20210730.09,121.787,32.0029,5.2961,-1.1762,2.8078,0.22761,2.9344,175,33.2136,183.38,5.0084,2.9344,2.9344,5.0084
20210730.1,121.787,32.0029,5.2961,-2.0962,2.5731,0.22498,2.7037,175,35.0187,180.783,5.0084,2.7037,2.7037,5.0084
20210730.11,121.787,32.0029,5.2961,-2.1407,3.3928,0.22466,2.4819,175,36.1074,177.044,5.0084,2.4819,2.4819,5.0084
20210730.12,121.787,32.0029,5.2961,-1.8391,3.9701,0.22679,2.2776,175,36.843,172.613,5.0084,2.2776,2.2776,5.0084
20210730.13,121.787,32.0029,5.2961,-1.2332,4.2389,0.23029,2.1353,175,37.0204,167.867,5.0084,2.1353,2.1353,5.0084
20210730.14,121.787,32.0029,5.2961,-0.8683,4.3112,0.23433,2.0491,175,36.7855,163.499,5.0084,2.0491,2.0491,5.0084
20210730.15,121.787,32.0029,5.2961,-0.4996,4.3318,0.23997,1.9736,175,36.2796,159.466,5.0084,1.9736,1.9736,5.0084
20210730.16,121.787,32.0029,5.2961,-0.3979,3.6845,0.24457,1.9422,175,35.0212,157.329,5.0084,1.9422,1.9422,5.0084
20210730.17,121.787,32.0029,5.2961,-0.6047,2.9331,0.24362,1.9588,175,33.2849,157.483,5.0084,1.9588,1.9588,5.0084
20210730.18,121.787,32.0029,5.2961,-0.6806,2.5351,0.23904,2.0006,175,31.7631,158.323,5.0084,2.0006,2.0006,5.0084
20210730.19,121.787,32.0029,5.2961,-0.7138,1.7029,0.22973,2.0751,175,30.2593,159.944,5.0084,2.0751,2.0751,5.0084
20210730.2,121.787,32.0029,5.2961,-1.0953,0.687,0.21805,2.1397,175,29.1242,161.676,4.5556,2.1397,2.1397,4.5556
20210730.21,121.787,32.0029,5.2961,-1.5598,-0.0133,0.20581,2.2027,175,27.9556,163.422,4.5556,2.2027,2.2027,4.5556
20210730.22,121.787,32.0029,5.2961,-1.7431,-0.3857,0.19411,2.2476,175,26.991,165.071,4.5556,2.2476,2.2476,4.5556
20210730.23,121.787,32.0029,5.2961,-1.7789,-1.7955,0.18359,2.2786,175,26.3243,167.011,4.5556,2.2786,2.2786,4.5556
20210731,121.787,32.0029,5.2961,-1.8546,-2.572,0.17574,2.2531,175,26.2657,169.414,4.5556,2.2532,2.2532,4.5556
20210731.01,121.787,32.0029,5.2961,-2.8554,-2.9966,0.17382,2.1148,175,27.3338,172.882,4.1436,2.1148,2.1148,4.1436
20210731.02,121.787,32.0029,5.2961,-3.3101,-2.1307,0.17905,1.9216,175,28.6941,176.267,4.1436,1.9216,1.9216,4.1436
20210731.03,121.787,32.0029,5.2961,-3.4159,-2.074,0.19024,1.7863,175,30.1798,178.66,3.769,1.7863,1.7863,3.769
20210731.04,121.787,32.0029,5.2961,-3.3341,-2.0134,0.20146,1.7705,175,30.99,180.273,3.769,1.7705,1.7705,3.769
20210731.05,121.787,32.0029,5.2961,-3.4639,-1.3484,0.21088,1.7923,175,29.9011,181.766,3.769,1.7923,1.7923,3.769
20210731.06,121.787,32.0029,5.2961,-3.0961,-0.359,0.21547,1.8306,175,29.0877,181.884,3.769,1.8306,1.8306,3.769
20210731.07,121.787,32.0029,5.2961,-3.2404,-0.5262,0.21878,1.854,175,28.5041,182.74,3.4282,1.854,1.854,3.4282
20210731.08,121.787,32.0029,5.2961,-2.9383,0.1517,0.21687,1.8895,175,28.4558,182.946,3.4282,1.8895,1.8895,3.4282
20210731.09,121.787,32.0029,5.2961,-2.4524,0.5128,0.21082,1.956,175,28.6125,183.139,3.4282,1.956,1.956,3.4282
20210731.1,121.787,32.0029,5.2961,-2.6369,0.4047,0.20644,1.9874,175,28.2873,183.332,3.4282,1.9874,1.9874,3.4282
20210731.11,121.787,32.0029,5.2961,-2.885,1.9358,0.20935,1.9479,175,28.3089,180.439,3.4282,1.9479,1.9479,3.4282
20210731.12,121.787,32.0029,5.2961,-2.7073,4.1608,0.21761,1.8922,175,28.6788,175.761,3.4282,1.8922,1.8922,3.4282
20210731.13,121.787,32.0029,5.2961,-1.7597,4.9261,0.22139,1.8687,175,29.718,171.718,3.4282,1.8687,1.8687,3.4282
20210731.14,121.787,32.0029,5.2961,-0.7559,5.1024,0.21894,1.8578,175,31.3755,168.031,2.1344,1.8578,1.8578,2.1344
20210731.15,121.787,32.0029,5.2961,-0.2099,4.7983,0.21053,1.8238,175,33.2553,164.896,2.1344,1.8238,1.8238,2.1344
20210731.16,121.787,32.0029,5.2961,-0.0962,4.2066,0.20069,1.7916,175,34.5411,162.075,2.3465,1.7916,1.7916,2.3465
20210731.17,121.787,32.0029,5.2961,-0.0853,3.9276,0.19375,1.767,175,35.1021,158.725,2.3465,1.767,1.767,2.3465
20210731.18,121.787,32.0029,5.2961,-0.3542,3.7275,0.19011,1.7363,175,34.4047,155.454,2.3465,1.7363,1.7363,2.3465
20210731.19,121.787,32.0029,5.2961,-0.5698,3.3002,0.18363,1.7275,175,33.1127,153.73,2.5798,1.7275,1.7275,2.5798
20210731.2,121.787,32.0029,5.2961,-0.5405,3.9755,0.18605,1.6792,145,32.0773,149.377,2.5798,1.6792,1.6792,2.5798
20210731.21,121.787,32.0029,5.2961,-0.3468,4.0743,0.18629,1.667,145,31.1495,145.983,2.5798,1.667,1.667,2.5798
20210731.22,121.787,32.0029,5.2961,0.0649,2.8568,0.17794,1.7101,145,29.0358,145.815,2.8363,1.7101,1.7101,2.8363
20210731.23,121.787,32.0029,5.2961,-0.1902,2.2927,0.16756,1.7766,145,26.3412,145.951,2.8363,1.7766,1.7766,2.8363
20210715,121.79,32.0049,5.2435,-0.8771,7.6572,0.01824,1.6134,95,31.5042,96.527,1.9414,1.6134,1.6134,1.9414
20210715.01,121.79,32.0049,5.2435,-1.4732,7.3548,0.06058,1.2019,115,29.1414,101.825,1.9414,1.2019,1.2019,1.9414
20210715.02,121.79,32.0049,5.2435,-2.4077,7.2797,0.09614,1.2361,115,30.1067,108.81,1.7658,1.2361,1.2361,1.7658
20210715.03,121.79,32.0049,5.2435,-2.9323,7.6963,0.13159,1.3037,145,30.6229,114.798,1.9414,1.3037,1.3037,1.9414
20210715.04,121.79,32.0049,5.2435,-2.8271,8.0111,0.16805,1.3762,145,30.7668,119.904,1.9414,1.3762,1.3762,1.9414
20210715.05,121.79,32.0049,5.2435,-2.9488,8.0456,0.20431,1.4693,145,29.9871,125.024,1.9414,1.4693,1.4693,1.9414
20210715.06,121.79,32.0049,5.2435,-3.0071,7.9997,0.23924,1.5929,145,28.3772,129.196,2.1344,1.5929,1.5929,2.1344
20210715.07,121.79,32.0049,5.2435,-2.839,7.7947,0.2726,1.7143,145,26.6562,131.554,2.3465,1.7143,1.7143,2.3465
20210715.08,121.79,32.0049,5.2435,-2.7751,7.4052,0.30215,1.8419,145,25.2506,133.374,2.5798,1.8419,1.8419,2.5798
20210715.09,121.79,32.0049,5.2435,-3.1039,6.966,0.3313,1.9609,145,23.9876,135.43,2.5798,1.9609,1.9609,2.5798
20210715.1,121.79,32.0049,5.2435,-2.8432,5.977,0.34728,2.0808,145,22.945,137.338,2.8363,2.0808,2.0808,2.8363
20210715.11,121.79,32.0049,5.2435,-3.6897,6.6544,0.37813,2.1576,145,22.1799,138.639,2.8363,2.1576,2.1576,2.8363
20210715.12,121.79,32.0049,5.2435,-4.3299,7.3316,0.42154,2.238,145,21.8482,139.92,2.8363,2.238,2.238,2.8363
20210715.13,121.79,32.0049,5.2435,-5.1582,7.662,0.46919,2.343,145,21.6218,141.558,3.1182,2.343,2.343,3.1182
20210715.14,121.79,32.0049,5.2435,-4.7879,7.8698,0.50581,2.4586,145,21.7302,142.702,3.1182,2.4586,2.4586,3.1182
20210715.15,121.79,32.0049,5.2435,-4.2194,7.7975,0.52482,2.5671,145,21.8298,143.453,3.1182,2.5671,2.5671,3.1182
20210715.16,121.79,32.0049,5.2435,-3.4339,7.8847,0.53286,2.6619,155,21.9131,143.958,3.1182,2.6619,2.6619,3.1182
20210715.17,121.79,32.0049,5.2435,-3.0615,7.772,0.53703,2.7269,155,21.9645,144.394,3.4282,2.7269,2.7269,3.4282
20210715.18,121.79,32.0049,5.2435,-2.9086,7.491,0.53759,2.7779,155,21.9515,145.14,3.4282,2.7779,2.7779,3.4282
20210715.19,121.79,32.0049,5.2435,-3.1362,7.5566,0.54355,2.7916,145,21.9321,145.437,3.4282,2.7916,2.7916,3.4282
20210715.2,121.79,32.0049,5.2435,-3.1708,7.7252,0.55278,2.7949,145,22.0101,145.483,3.769,2.7949,2.7949,3.769
20210715.21,121.79,32.0049,5.2435,-3.058,7.4746,0.54703,2.804,145,22.1952,145.678,3.769,2.804,2.804,3.769
20210715.22,121.79,32.0049,5.2435,-2.5551,6.6444,0.51751,2.8033,145,22.5265,145.928,3.769,2.8033,2.8033,3.769
20210715.23,121.79,32.0049,5.2435,-3.5031,6.2356,0.50363,2.7489,145,22.0644,145.674,3.769,2.7489,2.7489,3.769
20210716,121.79,32.0049,5.2435,-3.9474,6.0834,0.50061,2.6905,145,21.4611,145.419,3.769,2.6905,2.6905,3.769
20210716.01,121.79,32.0049,5.2435,-4.2359,6.4024,0.5044,2.6503,145,21.0984,144.972,3.4282,2.6503,2.6503,3.4282
20210716.02,121.79,32.0049,5.2435,-4.2311,6.4719,0.50571,2.6252,145,20.9451,144.708,3.4282,2.6252,2.6252,3.4282
20210716.03,121.79,32.0049,5.2435,-4.3354,6.2465,0.50223,2.6314,145,20.7004,144.719,3.4282,2.6314,2.6314,3.4282
20210716.04,121.79,32.0049,5.2435,-4.5411,6.0154,0.50284,2.6246,145,20.4932,144.882,3.4282,2.6246,2.6246,3.4282
20210716.05,121.79,32.0049,5.2435,-4.5032,5.9972,0.50003,2.6319,145,20.4473,145.123,3.4282,2.6319,2.6319,3.4282
20210716.06,121.79,32.0049,5.2435,-4.8462,5.6573,0.50133,2.6331,145,20.3502,145.593,3.4282,2.6331,2.6331,3.4282
20210716.07,121.79,32.0049,5.2435,-5.2147,5.5677,0.50602,2.6372,145,20.262,146.268,3.4282,2.6372,2.6372,3.4282
20210716.08,121.79,32.0049,5.2435,-5.2728,5.7309,0.51688,2.6521,145,20.3052,146.808,3.4282,2.6521,2.6521,3.4282
20210716.09,121.79,32.0049,5.2435,-4.8866,5.7446,0.51358,2.6741,145,20.6352,147.367,3.4282,2.6741,2.6741,3.4282
20210716.1,121.79,32.0049,5.2435,-3.3951,6.4235,0.4937,2.6977,155,21.295,147.256,3.4282,2.6977,2.6977,3.4282
20210716.11,121.79,32.0049,5.2435,-3.057,5.3966,0.46101,2.6902,155,21.9092,147.666,3.4282,2.6902,2.6902,3.4282
20210716.12,121.79,32.0049,5.2435,-3.4652,5.057,0.44187,2.641,145,21.9629,148.169,3.4282,2.641,2.641,3.4282
20210716.13,121.79,32.0049,5.2435,-4.2461,5.0297,0.44292,2.5675,145,21.7752,148.548,3.4282,2.5675,2.5675,3.4282
20210716.14,121.79,32.0049,5.2435,-4.4325,4.967,0.44527,2.5191,145,21.8381,149.038,3.4282,2.5191,2.5191,3.4282
20210716.15,121.79,32.0049,5.2435,-4.6052,5.2555,0.44949,2.4988,145,21.9644,149.075,3.4282,2.4988,2.4988,3.4282
20210716.16,121.79,32.0049,5.2435,-5.0274,5.5151,0.46193,2.5003,145,21.9115,149.163,3.4282,2.5003,2.5003,3.4282
20210716.17,121.79,32.0049,5.2435,-5.5592,5.8935,0.48767,2.524,155,21.7197,149.365,3.4282,2.524,2.524,3.4282
20210716.18,121.79,32.0049,5.2435,-5.7734,6.3613,0.51501,2.5709,155,21.7918,149.704,3.4282,2.5709,2.5709,3.4282
20210716.19,121.79,32.0049,5.2435,-5.7657,6.7288,0.54131,2.6339,155,21.8808,150.174,3.4282,2.6339,2.6339,3.4282
20210716.2,121.79,32.0049,5.2435,-5.1511,6.7508,0.54894,2.7063,155,22.3067,150.691,3.4282,2.7063,2.7063,3.4282
20210716.21,121.79,32.0049,5.2435,-4.0983,6.6428,0.539,2.774,155,22.8041,151.106,3.4282,2.774,2.774,3.4282
20210716.22,121.79,32.0049,5.2435,-3.2536,6.0404,0.51569,2.8225,155,23.408,151.791,3.4282,2.8225,2.8225,3.4282
20210716.23,121.79,32.0049,5.2435,-2.9678,5.4915,0.49347,2.8557,155,23.792,152.885,3.4282,2.8557,2.8557,3.4282
20210717,121.79,32.0049,5.2435,-3.4817,5.2355,0.48439,2.8324,155,23.8691,153.631,3.4282,2.8324,2.8324,3.4282
20210717.01,121.79,32.0049,5.2435,-4.2916,4.9846,0.48522,2.7778,145,23.686,154.294,3.4282,2.7778,2.7778,3.4282
20210717.02,121.79,32.0049,5.2435,-4.8184,4.9752,0.49076,2.7133,145,23.6553,154.448,3.4282,2.7133,2.7133,3.4282
20210717.03,121.79,32.0049,5.2435,-4.8293,4.7968,0.48626,2.6695,155,23.7715,154.512,3.4282,2.6695,2.6695,3.4282
20210717.04,121.79,32.0049,5.2435,-5.5398,4.4456,0.48525,2.6267,165,23.4607,154.563,3.4282,2.6267,2.6267,3.4282
20210717.05,121.79,32.0049,5.2435,-6.1961,4.364,0.49599,2.5952,165,23.0086,154.58,3.4282,2.5952,2.5952,3.4282
20210717.06,121.79,32.0049,5.2435,-6.3266,4.5998,0.50798,2.6052,165,22.7596,154.844,3.4282,2.6052,2.6052,3.4282
20210717.07,121.79,32.0049,5.2435,-5.274,4.8233,0.50042,2.6448,165,22.913,155.125,3.4282,2.6448,2.6448,3.4282
20210717.08,121.79,32.0049,5.2435,-4.8654,4.6004,0.47994,2.6709,165,23.2051,155.555,3.4282,2.6709,2.6709,3.4282
20210717.09,121.79,32.0049,5.2435,-4.6562,4.4649,0.46383,2.6579,165,23.4829,156.017,3.4282,2.6579,2.6579,3.4282
20210717.1,121.79,32.0049,5.2435,-4.5677,3.3028,0.43854,2.6546,165,23.6705,157.63,3.4282,2.6546,2.6546,3.4282
20210717.11,121.79,32.0049,5.2435,-4.7856,3.0035,0.42075,2.5997,175,23.6107,158.792,3.4282,2.5997,2.5997,3.4282
20210717.12,121.79,32.0049,5.2435,-5.1308,2.9708,0.41539,2.5139,175,23.5223,159.093,3.4282,2.5139,2.5139,3.4282
20210717.13,121.79,32.0049,5.2435,-5.52,3.028,0.41894,2.4474,175,23.3652,159.11,3.4282,2.4474,2.4474,3.4282
20210717.14,121.79,32.0049,5.2435,-5.7409,2.9556,0.42338,2.4219,175,23.315,159.415,3.1182,2.4219,2.4219,3.1182
20210717.15,121.79,32.0049,5.2435,-5.5437,3.1798,0.42519,2.4344,175,23.243,159.626,3.1182,2.4344,2.4344,3.1182
20210717.16,121.79,32.0049,5.2435,-5.2313,3.3617,0.42095,2.4514,175,23.3757,159.871,3.1182,2.4514,2.4514,3.1182
20210717.17,121.79,32.0049,5.2435,-4.9226,3.5598,0.41589,2.4742,175,23.5083,160.156,3.1182,2.4742,2.4742,3.1182
20210717.18,121.79,32.0049,5.2435,-4.2201,3.7505,0.40214,2.4919,175,24.1211,160.442,3.1182,2.4919,2.4919,3.1182
20210717.19,121.79,32.0049,5.2435,-3.7238,3.5896,0.38322,2.4999,175,24.6678,161.022,3.1182,2.5,2.5,3.1182
20210717.2,121.79,32.0049,5.2435,-3.7527,3.3175,0.36719,2.4686,175,25.1063,161.435,3.1182,2.4686,2.4686,3.1182
20210717.21,121.79,32.0049,5.2435,-3.6467,3.079,0.35234,2.4277,175,25.1439,161.95,3.1182,2.4276,2.4276,3.1182
20210717.22,121.79,32.0049,5.2435,-3.0639,2.5991,0.32781,2.4074,175,25.2377,163.019,3.1182,2.4074,2.4074,3.1182
20210717.23,121.79,32.0049,5.2435,-3.7963,2.0406,0.30956,2.3136,175,24.7564,163.78,3.1182,2.3136,2.3136,3.1182
20210718,121.79,32.0049,5.2435,-4.2367,1.8654,0.30354,2.1705,175,24.219,163.642,3.1182,2.1705,2.1705,3.1182
20210718.01,121.79,32.0049,5.2435,-3.9989,2.0123,0.29408,2.0852,175,24.3641,163.6,3.1182,2.0852,2.0852,3.1182
20210718.02,121.79,32.0049,5.2435,-3.8083,1.9105,0.27941,2.0228,175,24.7228,163.61,3.1182,2.0228,2.0228,3.1182
20210718.03,121.79,32.0049,5.2435,-3.7176,1.6312,0.26238,1.9738,175,24.8975,164.001,2.8363,1.9738,1.9738,2.8363
20210718.04,121.79,32.0049,5.2435,-3.7611,1.2328,0.24863,1.9085,175,25.1453,164.764,2.8363,1.9085,1.9085,2.8363
20210718.05,121.79,32.0049,5.2435,-3.8626,0.9764,0.23757,1.8574,175,25.0721,166.068,2.5798,1.8574,1.8574,2.5798
20210718.06,121.79,32.0049,5.2435,-4.3778,0.9088,0.23822,1.8094,175,24.9206,167.052,2.5798,1.8094,1.8094,2.5798
20210718.07,121.79,32.0049,5.2435,-5.1274,0.8633,0.25266,1.7847,175,24.8652,167.705,2.3465,1.7847,1.7847,2.3465
20210718.08,121.79,32.0049,5.2435,-5.8122,0.7996,0.27424,1.8209,175,24.8838,168.384,2.3465,1.8209,1.8209,2.3465
20210718.09,121.79,32.0049,5.2435,-6.1443,1.2036,0.29685,1.8869,175,24.9921,168.299,2.3465,1.8869,1.8869,2.3465
20210718.1,121.79,32.0049,5.2435,-5.858,1.7745,0.31322,1.9755,175,24.9178,167.99,2.3465,1.9755,1.9755,2.3465
20210718.11,121.79,32.0049,5.2435,-5.6134,2.1982,0.32765,2.0578,175,24.8847,167.138,2.5798,2.0578,2.0578,2.5798
20210718.12,121.79,32.0049,5.2435,-4.7703,2.8796,0.33035,2.1384,175,25.178,166.066,2.5798,2.1384,2.1384,2.5798
20210718.13,121.79,32.0049,5.2435,-3.9762,3.3331,0.32754,2.1992,155,25.8001,164.779,2.5798,2.1992,2.1992,2.5798
20210718.14,121.79,32.0049,5.2435,-3.3024,3.4187,0.31854,2.252,155,26.5337,164.232,2.5798,2.252,2.252,2.5798
20210718.15,121.79,32.0049,5.2435,-3.0104,3.0585,0.30815,2.2852,155,27.0893,164.249,2.8363,2.2852,2.2852,2.8363
20210718.16,121.79,32.0049,5.2435,-3.2979,2.5939,0.29881,2.2826,155,26.973,164.483,3.1182,2.2826,2.2826,3.1182
20210718.17,121.79,32.0049,5.2435,-3.3047,2.6049,0.29265,2.2396,155,26.7325,164.19,3.1182,2.2396,2.2396,3.1182
20210718.18,121.79,32.0049,5.2435,-3.6027,2.4971,0.28676,2.1703,175,26.3091,163.591,3.1182,2.1703,2.1703,3.1182
20210718.19,121.79,32.0049,5.2435,-4.1839,2.479,0.29029,2.0719,175,25.6489,162.249,2.8363,2.0719,2.0719,2.8363
20210718.2,121.79,32.0049,5.2435,-4.5046,2.6705,0.30019,2.0242,175,24.9847,160.914,2.8363,2.0242,2.0242,2.8363
20210718.21,121.79,32.0049,5.2435,-4.3809,2.6079,0.30292,2.0347,175,24.7546,160.471,2.8363,2.0347,2.0347,2.8363
20210718.22,121.79,32.0049,5.2435,-3.5243,2.6856,0.28936,2.0585,175,24.8674,160.714,2.8363,2.0585,2.0585,2.8363
20210718.23,121.79,32.0049,5.2435,-3.9769,2.1285,0.28013,2.051,175,24.6124,161.538,2.8363,2.051,2.051,2.8363
20210719,121.79,32.0049,5.2435,-4.1395,2.0495,0.28215,2.0401,175,24.236,162.363,2.5798,2.0401,2.0401,2.5798
20210719.01,121.79,32.0049,5.2435,-4.1454,1.9758,0.28382,2.0385,175,24.2134,163.227,2.5798,2.0385,2.0385,2.5798
20210719.02,121.79,32.0049,5.2435,-4.4263,1.9172,0.2882,2.0343,175,24.2386,163.859,2.8363,2.0343,2.0343,2.8363
20210719.03,121.79,32.0049,5.2435,-4.9677,1.6945,0.30185,2.0355,175,24.0093,164.495,2.8363,2.0355,2.0355,2.8363
20210719.04,121.79,32.0049,5.2435,-5.4495,1.6958,0.32126,2.0577,175,23.8332,165.288,2.8363,2.0577,2.0577,2.8363
20210719.05,121.79,32.0049,5.2435,-5.4105,2.2171,0.33989,2.114,175,23.7685,165.197,2.8363,2.114,2.114,2.8363
20210719.06,121.79,32.0049,5.2435,-5.1951,2.6636,0.35002,2.1778,175,23.8893,165.073,2.8363,2.1778,2.1778,2.8363
20210719.07,121.79,32.0049,5.2435,-5.0822,3.176,0.35918,2.226,175,24.1976,164.178,2.8363,2.226,2.226,2.8363
20210719.08,121.79,32.0049,5.2435,-4.8786,3.4588,0.36602,2.2595,175,24.5412,163.523,2.8363,2.2595,2.2595,2.8363
20210719.09,121.79,32.0049,5.2435,-4.6093,3.2997,0.36497,2.2904,175,24.8979,163.35,2.8363,2.2904,2.2904,2.8363
20210719.1,121.79,32.0049,5.2435,-3.9265,2.916,0.34898,2.3234,175,25.3362,164.213,2.8363,2.3234,2.3234,2.8363
20210719.11,121.79,32.0049,5.2435,-4.4681,2.6997,0.34506,2.3018,175,25.3626,164.09,3.1182,2.3018,2.3018,3.1182
20210719.12,121.79,32.0049,5.2435,-5.3553,3.5385,0.36743,2.2525,175,25.0486,162.354,3.1182,2.2525,2.2525,3.1182
20210719.13,121.79,32.0049,5.2435,-4.9624,3.6187,0.38067,2.2792,175,24.973,161.606,2.8363,2.2792,2.2792,2.8363
20210719.14,121.79,32.0049,5.2435,-4.7872,3.3908,0.38027,2.3117,175,25.0323,161.889,3.1182,2.3117,2.3117,3.1182
20210719.15,121.79,32.0049,5.2435,-4.7386,3.3544,0.3816,2.3421,175,24.9669,162.057,3.1182,2.3421,2.3421,3.1182
20210719.16,121.79,32.0049,5.2435,-5.0643,3.4592,0.3932,2.3631,175,24.8455,162.104,3.1182,2.3631,2.3631,3.1182
20210719.17,121.79,32.0049,5.2435,-5.1061,3.6524,0.40909,2.4023,175,24.8131,162.356,3.1182,2.4023,2.4023,3.1182
20210719.18,121.79,32.0049,5.2435,-5.3358,3.6818,0.42301,2.4457,175,24.8576,162.789,3.1182,2.4457,2.4457,3.1182
20210719.19,121.79,32.0049,5.2435,-5.3796,3.3336,0.43503,2.4934,175,24.822,163.652,3.1182,2.4934,2.4934,3.1182
20210719.2,121.79,32.0049,5.2435,-5.676,3.0509,0.44534,2.5306,175,24.6884,164.659,3.1182,2.5306,2.5306,3.1182
20210719.21,121.79,32.0049,5.2435,-6.187,2.7405,0.4639,2.5633,175,24.4377,165.525,3.4282,2.5633,2.5633,3.4282
20210719.22,121.79,32.0049,5.2435,-5.917,1.8742,0.46796,2.6189,175,23.9728,167.613,3.4282,2.6189,2.6189,3.4282
20210719.23,121.79,32.0049,5.2435,-6.7174,2.1051,0.48629,2.6473,175,23.592,168.802,3.4282,2.6473,2.6473,3.4282
20210720,121.79,32.0049,5.2435,-6.6964,2.7273,0.51104,2.6964,175,23.4834,169.261,3.4282,2.6964,2.6964,3.4282
20210720.01,121.79,32.0049,5.2435,-6.4981,3.1312,0.52607,2.7665,175,23.5594,169.689,3.4282,2.7665,2.7665,3.4282
20210720.02,121.79,32.0049,5.2435,-6.4646,3.1206,0.53401,2.8242,175,23.6899,170.122,3.4282,2.8242,2.8242,3.4282
20210720.03,121.79,32.0049,5.2435,-6.2988,2.7065,0.53715,2.8737,175,23.6459,170.824,3.769,2.8737,2.8737,3.769
20210720.04,121.79,32.0049,5.2435,-6.3918,2.4734,0.53768,2.903,175,23.5763,171.461,3.769,2.903,2.903,3.769
20210720.05,121.79,32.0049,5.2435,-6.796,2.4357,0.54625,2.8979,175,23.4183,171.658,3.769,2.8979,2.8979,3.769
20210720.06,121.79,32.0049,5.2435,-7.1565,2.3029,0.55898,2.8953,175,23.2158,171.874,3.769,2.8953,2.8953,3.769
20210720.07,121.79,32.0049,5.2435,-7.2227,2.1149,0.56939,2.906,175,22.9737,172.23,3.769,2.906,2.906,3.769
20210720.08,121.79,32.0049,5.2435,-7.161,2.0472,0.57388,2.9297,175,22.8154,172.685,3.769,2.9297,2.9297,3.769
20210720.09,121.79,32.0049,5.2435,-7.0086,1.9707,0.57471,2.9524,175,22.6871,173.072,3.769,2.9524,2.9524,3.769
20210720.1,121.79,32.0049,5.2435,-6.8268,1.6167,0.57053,2.9858,175,22.4334,173.819,3.769,2.9858,2.9858,3.769
20210720.11,121.79,32.0049,5.2435,-7.3663,1.7782,0.57902,2.9824,175,22.3238,173.977,3.769,2.9824,2.9824,3.769
20210720.12,121.79,32.0049,5.2435,-7.313,1.9969,0.5927,3.0027,175,22.232,173.997,3.769,3.0027,3.0027,3.769
20210720.13,121.79,32.0049,5.2435,-7.3233,2.052,0.60224,3.036,175,22.1962,174.156,3.769,3.036,3.036,3.769
20210720.14,121.79,32.0049,5.2435,-7.0198,2.0831,0.60471,3.0811,175,22.1226,174.454,3.769,3.0811,3.0811,3.769
20210720.15,121.79,32.0049,5.2435,-6.9078,1.8881,0.60254,3.1121,175,22.0736,174.834,3.769,3.1121,3.1121,3.769
20210720.16,121.79,32.0049,5.2435,-7.4996,1.991,0.61157,3.0988,175,22.1478,174.751,3.769,3.0988,3.0988,3.769
20210720.17,121.79,32.0049,5.2435,-7.8249,2.2354,0.63175,3.0898,175,22.1646,174.398,3.769,3.0898,3.0898,3.769
20210720.18,121.79,32.0049,5.2435,-7.4015,2.2217,0.63891,3.1314,175,22.1016,174.486,3.769,3.1314,3.1314,3.769
20210720.19,121.79,32.0049,5.2435,-6.5054,1.819,0.62184,3.1989,175,21.9928,175.263,3.769,3.1989,3.1989,3.769
20210720.2,121.79,32.0049,5.2435,-5.8759,1.1282,0.59142,3.2464,175,21.8646,176.409,3.769,3.2464,3.2464,3.769
20210720.21,121.79,32.0049,5.2435,-5.6584,0.227,0.56191,3.273,175,21.5502,177.758,4.1436,3.273,3.273,4.1436
20210720.22,121.79,32.0049,5.2435,-4.9456,-0.2837,0.53087,3.2961,175,21.3523,178.962,4.1436,3.2961,3.2961,4.1436
20210720.23,121.79,32.0049,5.2435,-5.4968,-1.0889,0.50798,3.2256,175,21.2621,179.991,4.1436,3.2256,3.2256,4.1436
20210721,121.79,32.0049,5.2435,-5.9228,-1.4441,0.49762,3.0592,175,21.4517,180.9,4.1436,3.0592,3.0592,4.1436
20210721.01,121.79,32.0049,5.2435,-6.1757,-0.9955,0.49538,2.8848,175,21.9809,181.538,3.769,2.8848,2.8848,3.769
20210721.02,121.79,32.0049,5.2435,-6.1102,-0.9974,0.49171,2.7775,175,22.7499,182.332,3.769,2.7775,2.7775,3.769
20210721.03,121.79,32.0049,5.2435,-5.7897,-1.5301,0.48197,2.7309,175,23.4726,183.643,3.769,2.7309,2.7309,3.769
20210721.04,121.79,32.0049,5.2435,-5.4337,-1.9658,0.46778,2.7158,175,24.1757,185.35,3.4282,2.7158,2.7158,3.4282
20210721.05,121.79,32.0049,5.2435,-5.2961,-2.3204,0.45683,2.6953,175,24.9872,187.258,3.4282,2.6953,2.6953,3.4282
20210721.06,121.79,32.0049,5.2435,-4.991,-2.8665,0.44815,2.6671,175,25.9164,189.447,3.4282,2.6671,2.6671,3.4282
20210721.07,121.79,32.0049,5.2435,-4.6803,-3.3321,0.44244,2.6429,175,27.1143,192.093,3.4282,2.6429,2.6429,3.4282
20210721.08,121.79,32.0049,5.2435,-4.5444,-3.7166,0.44123,2.6176,175,28.1344,195,3.4282,2.6176,2.6176,3.4282
20210721.09,121.79,32.0049,5.2435,-4.7975,-3.9468,0.45194,2.6087,185,28.9046,197.889,3.1182,2.6087,2.6087,3.1182
20210721.1,121.79,32.0049,5.2435,-4.5571,-2.9149,0.46454,2.6697,185,28.8486,198.964,3.1182,2.6697,2.6697,3.1182
20210721.11,121.79,32.0049,5.2435,-5.7268,-2.7449,0.48467,2.7095,185,28.4349,198.336,3.1182,2.7095,2.7095,3.1182
20210721.12,121.79,32.0049,5.2435,-6.4,-1.9891,0.51681,2.7381,185,27.8984,197.262,3.1182,2.7381,2.7381,3.1182
20210721.13,121.79,32.0049,5.2435,-6.7523,-1.4522,0.54621,2.8012,185,27.3292,195.181,3.1182,2.8012,2.8012,3.1182
20210721.14,121.79,32.0049,5.2435,-7.0792,-1.1762,0.57454,2.8674,185,26.7657,193.132,3.1182,2.8674,2.8674,3.1182
20210721.15,121.79,32.0049,5.2435,-7.0239,-1.172,0.59693,2.9532,185,26.3387,191.274,3.1182,2.9532,2.9532,3.1182
20210721.16,121.79,32.0049,5.2435,-6.8822,-1.2554,0.61171,3.0427,175,25.9293,189.886,3.4282,3.0427,3.0427,3.4282
20210721.17,121.79,32.0049,5.2435,-7.0348,-1.122,0.626,3.1145,175,25.5462,188.69,3.4282,3.1145,3.1145,3.4282
20210721.18,121.79,32.0049,5.2435,-7.2339,-0.9878,0.64308,3.1733,175,25.0484,187.569,3.4282,3.1733,3.1733,3.4282
20210721.19,121.79,32.0049,5.2435,-7.128,-1.1447,0.6559,3.2309,185,24.6021,186.945,3.4282,3.2309,3.2309,3.4282
20210721.2,121.79,32.0049,5.2435,-6.9959,-1.4832,0.6622,3.2873,185,24.2611,186.855,3.769,3.2873,3.2873,3.769
20210721.21,121.79,32.0049,5.2435,-6.9437,-1.9186,0.6673,3.3311,185,23.9793,187.165,3.769,3.3311,3.3311,3.769
20210721.22,121.79,32.0049,5.2435,-6.5691,-2.2642,0.66727,3.3739,185,23.9502,187.807,3.769,3.3739,3.3739,3.769
20210721.23,121.79,32.0049,5.2435,-7.1207,-2.3043,0.67221,3.3743,185,23.9435,188.386,3.769,3.3743,3.3743,3.769
20210722,121.79,32.0049,5.2435,-7.8272,-2.0326,0.69293,3.3385,185,24.05,188.446,3.769,3.3385,3.3385,3.769
20210722.01,121.79,32.0049,5.2435,-7.7364,-1.9405,0.71388,3.3499,185,24.0114,188.425,3.769,3.3499,3.3499,3.769
20210722.02,121.79,32.0049,5.2435,-7.5207,-2.305,0.72492,3.3905,185,24.0126,188.822,3.769,3.3905,3.3905,3.769
20210722.03,121.79,32.0049,5.2435,-7.8652,-2.1036,0.73593,3.4209,185,24.1151,188.987,3.769,3.4209,3.4209,3.769
20210722.04,121.79,32.0049,5.2435,-7.8773,-1.7223,0.74961,3.4481,185,24.1658,188.948,3.769,3.4481,3.4481,3.769
20210722.05,121.79,32.0049,5.2435,-7.3231,-1.7503,0.74785,3.503,185,24.1831,189.061,3.769,3.503,3.503,3.769
20210722.06,121.79,32.0049,5.2435,-7.1072,-1.7302,0.73829,3.5385,185,24.2451,189.458,3.769,3.5385,3.5385,3.769
20210722.07,121.79,32.0049,5.2435,-7.0706,-1.7083,0.72741,3.5525,185,24.3293,189.689,3.769,3.5525,3.5525,3.769
20210722.08,121.79,32.0049,5.2435,-7.212,-1.6425,0.72341,3.5291,185,24.3479,189.833,3.769,3.5291,3.5291,3.769
20210722.09,121.79,32.0049,5.2435,-7.2674,-1.7625,0.72017,3.5169,185,24.3836,189.779,3.769,3.5169,3.5169,3.769
20210722.1,121.79,32.0049,5.2435,-7.6789,-1.5321,0.72842,3.4766,185,24.3161,189.537,3.769,3.4766,3.4766,3.769
20210722.11,121.79,32.0049,5.2435,-7.5946,-0.8142,0.73754,3.4777,185,24.3047,188.819,3.769,3.4777,3.4777,3.769
20210722.12,121.79,32.0049,5.2435,-7.1877,-0.8488,0.73954,3.5005,185,24.0792,188.274,3.769,3.5005,3.5005,3.769
20210722.13,121.79,32.0049,5.2435,-7.5179,-0.7237,0.74016,3.5287,185,23.9104,187.622,3.769,3.5287,3.5287,3.769
20210722.14,121.79,32.0049,5.2435,-7.3421,-0.8535,0.74489,3.5507,185,23.6117,187.08,3.769,3.5507,3.5507,3.769
20210722.15,121.79,32.0049,5.2435,-7.4148,-0.8983,0.74618,3.5798,185,23.432,186.747,3.769,3.5798,3.5798,3.769
20210722.16,121.79,32.0049,5.2435,-7.543,-1.0214,0.75046,3.5877,185,23.2434,186.57,3.769,3.5877,3.5877,3.769
20210722.17,121.79,32.0049,5.2435,-7.5676,-1.2558,0.75379,3.6007,185,23.1964,186.562,3.769,3.6007,3.6007,3.769
20210722.18,121.79,32.0049,5.2435,-7.5695,-1.6448,0.75855,3.6064,185,23.0398,186.815,3.769,3.6064,3.6064,3.769
20210722.19,121.79,32.0049,5.2435,-7.678,-1.9765,0.76282,3.6104,185,23.1143,187.092,3.769,3.6104,3.6104,3.769
20210722.2,121.79,32.0049,5.2435,-7.9578,-2.1297,0.77434,3.6057,185,23.1108,187.456,3.769,3.6057,3.6057,3.769
20210722.21,121.79,32.0049,5.2435,-7.8607,-2.4957,0.78554,3.6121,185,23.2531,187.842,3.769,3.6121,3.6121,3.769
20210722.22,121.79,32.0049,5.2435,-7.5181,-2.4686,0.78985,3.642,185,23.3159,188.428,3.769,3.642,3.642,3.769
20210722.23,121.79,32.0049,5.2435,-8.2047,-2.7711,0.80151,3.6367,185,23.4913,188.818,4.1436,3.6367,3.6367,4.1436
20210723,121.79,32.0049,5.2435,-8.8253,-2.9233,0.828,3.6236,185,23.6256,188.972,4.1436,3.6236,3.6236,4.1436
20210723.01,121.79,32.0049,5.2435,-8.3728,-3.5021,0.84756,3.6515,185,23.8604,189.582,4.1436,3.6515,3.6515,4.1436
20210723.02,121.79,32.0049,5.2435,-7.8267,-3.7177,0.8521,3.7067,185,24.0614,190.62,4.1436,3.7067,3.7067,4.1436
20210723.03,121.79,32.0049,5.2435,-8.126,-3.3801,0.85445,3.734,185,24.3687,191.431,4.1436,3.734,3.734,4.1436
20210723.04,121.79,32.0049,5.2435,-7.9106,-3.1497,0.85518,3.7619,185,24.4838,191.855,4.1436,3.7619,3.7619,4.1436
20210723.05,121.79,32.0049,5.2435,-7.4121,-3.3388,0.84485,3.7802,185,24.7349,192.695,4.1436,3.7802,3.7802,4.1436
20210723.06,121.79,32.0049,5.2435,-7.7517,-3.223,0.83468,3.7735,185,24.89,193.298,4.1436,3.7735,3.7735,4.1436
20210723.07,121.79,32.0049,5.2435,-7.6929,-3.1136,0.8309,3.7426,185,25.1012,193.817,4.1436,3.7426,3.7426,4.1436
20210723.08,121.79,32.0049,5.2435,-7.2567,-2.9653,0.82017,3.7466,185,25.1551,194.264,4.1436,3.7466,3.7466,4.1436
20210723.09,121.79,32.0049,5.2435,-6.7887,-3.1533,0.80249,3.7434,185,25.3414,194.871,4.1436,3.7434,3.7434,4.1436
20210723.1,121.79,32.0049,5.2435,-6.8365,-2.6465,0.78489,3.7383,185,25.4285,195.057,4.1436,3.7383,3.7383,4.1436
20210723.11,121.79,32.0049,5.2435,-7.2104,-3.1901,0.77908,3.6884,185,25.5179,195.104,4.1436,3.6884,3.6884,4.1436
20210723.12,121.79,32.0049,5.2435,-7.2221,-3.439,0.77918,3.6553,185,25.5596,195.096,7.3171,3.6554,3.6554,7.3171
20210723.13,121.79,32.0049,5.2435,-7.2127,-3.6227,0.78412,3.6259,185,25.6549,195.32,3.769,3.6259,3.6259,3.769
20210723.14,121.79,32.0049,5.2435,-7.7492,-3.4774,0.79534,3.6113,185,25.6812,195.071,3.769,3.6113,3.6113,3.769
20210723.15,121.79,32.0049,5.2435,-8.7068,-2.8071,0.82335,3.5806,185,25.6089,194.216,3.769,3.5806,3.5806,3.769
20210723.16,121.79,32.0049,5.2435,-8.6325,-2.7193,0.8479,3.6106,185,25.4251,193.154,3.769,3.6106,3.6106,3.769
20210723.17,121.79,32.0049,5.2435,-8.2659,-3.3378,0.86266,3.6628,185,25.307,192.664,3.769,3.6628,3.6628,3.769
20210723.18,121.79,32.0049,5.2435,-8.1301,-4.0394,0.87332,3.7202,185,25.389,192.785,3.769,3.7202,3.7202,3.769
20210723.19,121.79,32.0049,5.2435,-8.5769,-4.1585,0.89081,3.7442,185,25.4213,192.964,4.1436,3.7442,3.7442,4.1436
20210723.2,121.79,32.0049,5.2435,-9.1378,-4.59,0.91736,3.7587,185,25.5573,193.212,4.1436,3.7587,3.7587,4.1436
20210723.21,121.79,32.0049,5.2435,-9.4821,-4.3978,0.95087,3.7792,185,25.5233,193.598,4.1436,3.7792,3.7792,4.1436
20210723.22,121.79,32.0049,5.2435,-9.2542,-3.7676,0.97196,3.8437,185,25.4213,193.603,4.1436,3.8437,3.8437,4.1436
20210723.23,121.79,32.0049,5.2435,-10.2265,-3.3919,1.00121,3.8806,185,25.2003,193.232,4.1436,3.8806,3.8806,4.1436
20210724,121.79,32.0049,5.2435,-9.9468,-3.2565,1.02835,3.9405,185,25.1249,192.998,4.1436,3.9405,3.9405,4.1436
20210724.01,121.79,32.0049,5.2435,-9.9954,-3.0603,1.04687,4.0109,185,24.8974,192.767,4.5556,4.0109,4.0109,4.5556
20210724.02,121.79,32.0049,5.2435,-10.1672,-2.9533,1.06646,4.068,185,24.7409,192.631,4.5556,4.068,4.068,4.5556
20210724.03,121.79,32.0049,5.2435,-9.6308,-3.0493,1.07916,4.1458,185,24.5035,192.607,4.5556,4.1458,4.1458,4.5556
20210724.04,121.79,32.0049,5.2435,-8.7671,-3.6189,1.07743,4.2284,185,24.2181,193.003,4.5556,4.2284,4.2284,4.5556
20210724.05,121.79,32.0049,5.2435,-8.9848,-4.2778,1.07121,4.262,185,24.1806,193.623,4.5556,4.262,4.262,4.5556
20210724.06,121.79,32.0049,5.2435,-9.2381,-4.3173,1.07184,4.2582,185,24.2356,194.168,4.5556,4.2582,4.2582,4.5556
20210724.07,121.79,32.0049,5.2435,-9.233,-4.8207,1.07368,4.2435,185,24.4236,194.858,4.5556,4.2435,4.2435,4.5556
20210724.08,121.79,32.0049,5.2435,-9.5959,-4.9671,1.08203,4.209,185,24.6649,195.697,4.5556,4.209,4.209,4.5556
20210724.09,121.79,32.0049,5.2435,-9.6319,-4.5166,1.0925,4.2012,185,24.8043,196.14,4.5556,4.2012,4.2012,4.5556
20210724.1,121.79,32.0049,5.2435,-9.001,-4.7053,1.09517,4.2212,185,24.8427,196.569,4.5556,4.2212,4.2212,4.5556
20210724.11,121.79,32.0049,5.2435,-10.2527,-4.8991,1.11032,4.2118,185,24.8862,196.63,4.5556,4.2118,4.2118,4.5556
20210724.12,121.79,32.0049,5.2435,-9.8716,-5.2531,1.13636,4.2271,185,25.0075,196.803,4.5556,4.2271,4.2271,4.5556
20210724.13,121.79,32.0049,5.2435,-9.7155,-5.8725,1.1538,4.2664,185,25.1266,197.215,4.5556,4.2664,4.2664,4.5556
20210724.14,121.79,32.0049,5.2435,-9.3917,-6.2357,1.16778,4.3029,185,25.3804,197.926,4.5556,4.3029,4.3029,4.5556
20210724.15,121.79,32.0049,5.2435,-9.4148,-6.6941,1.18245,4.3287,185,25.651,198.762,4.5556,4.3287,4.3287,4.5556
20210724.16,121.79,32.0049,5.2435,-9.6639,-7.3315,1.20271,4.3349,185,26.0474,199.783,4.5556,4.3349,4.3349,4.5556
20210724.17,121.79,32.0049,5.2435,-9.8484,-8.0536,1.22795,4.3299,185,26.4188,200.983,4.5556,4.3299,4.3299,4.5556
20210724.18,121.79,32.0049,5.2435,-10.2785,-8.4179,1.25754,4.3178,185,26.8181,202.274,4.5556,4.3178,4.3178,4.5556
20210724.19,121.79,32.0049,5.2435,-10.3548,-9.1138,1.28943,4.3029,185,27.2136,203.676,5.0084,4.3029,4.3029,5.0084
20210724.2,121.79,32.0049,5.2435,-10.1161,-9.6498,1.31311,4.3111,185,27.7101,204.98,5.0084,4.3111,4.3111,5.0084
20210724.21,121.79,32.0049,5.2435,-10.814,-10.7222,1.3486,4.3125,185,28.1963,206.224,5.0084,4.3125,4.3125,5.0084
20210724.22,121.79,32.0049,5.2435,-12.5798,-9.7823,1.39721,4.3315,185,28.3627,206.604,5.0084,4.3315,4.3315,5.0084
20210724.23,121.79,32.0049,5.2435,-12.1396,-10.4208,1.44151,4.3862,185,28.586,206.944,5.0084,4.3862,4.3862,5.0084
20210725,121.79,32.0049,5.2435,-12.8182,-9.4621,1.47962,4.4525,185,28.6662,206.967,5.0084,4.4525,4.4525,5.0084
20210725.01,121.79,32.0049,5.2435,-14.4524,-9.4551,1.53661,4.5017,185,28.7169,206.796,5.0084,4.5017,4.5017,5.0084
20210725.02,121.79,32.0049,5.2435,-15.2974,-8.3854,1.58978,4.576,185,28.672,206.108,5.0084,4.576,4.576,5.0084
20210725.03,121.79,32.0049,5.2435,-15.3727,-7.2771,1.63214,4.6706,185,28.5355,205.297,5.0084,4.6706,4.6706,5.0084
20210725.04,121.79,32.0049,5.2435,-15.6668,-6.6728,1.67069,4.7624,185,28.387,204.469,5.0084,4.7624,4.7624,5.0084
20210725.05,121.79,32.0049,5.2435,-15.4784,-6.3672,1.70273,4.8516,185,28.2361,203.893,5.5063,4.8516,4.8516,5.5063
20210725.06,121.79,32.0049,5.2435,-14.6475,-6.3772,1.72042,4.9576,185,27.9876,203.296,5.5063,4.9576,4.9576,5.5063
20210725.07,121.79,32.0049,5.2435,-14.9443,-6.2726,1.74346,5.0485,185,27.6684,202.718,5.5063,5.0485,5.0485,5.5063
20210725.08,121.79,32.0049,5.2435,-15.171,-6.8746,1.76816,5.1229,185,27.3757,202.225,5.5063,5.1229,5.1229,5.5063
20210725.09,121.79,32.0049,5.2435,-15.2895,-7.4117,1.78994,5.1908,185,27.0869,201.777,5.5063,5.1908,5.1908,5.5063
20210725.1,121.79,32.0049,5.2435,-16.3341,-7.0448,1.81343,5.2476,185,26.7605,201.118,5.5063,5.2476,5.2476,5.5063
20210725.11,121.79,32.0049,5.2435,-15.7524,-7.4669,1.8252,5.3165,185,26.47,200.668,6.0537,5.3165,5.3165,6.0537
20210725.12,121.79,32.0049,5.2435,-16.0965,-7.2875,1.83741,5.3793,185,26.1688,200.184,6.0537,5.3793,5.3793,6.0537
20210725.13,121.79,32.0049,5.2435,-17.0457,-5.397,1.84936,5.4392,185,25.8151,199.447,6.0537,5.4392,5.4392,6.0537
20210725.14,121.79,32.0049,5.2435,-16.3296,-4.5303,1.85108,5.5169,185,25.4555,198.787,6.0537,5.5169,5.5169,6.0537
20210725.15,121.79,32.0049,5.2435,-15.923,-3.8672,1.8528,5.5982,185,25.0637,198.094,6.0537,5.5982,5.5982,6.0537
20210725.16,121.79,32.0049,5.2435,-15.9037,-2.6605,1.85671,5.6831,185,24.6122,197.276,6.6554,5.6831,5.6831,6.6554
20210725.17,121.79,32.0049,5.2435,-16.5631,-1.6354,1.86633,5.7587,185,24.1296,196.373,6.6554,5.7587,5.7587,6.6554
20210725.18,121.79,32.0049,5.2435,-16.7132,-0.9774,1.87297,5.8343,185,23.637,195.546,6.6554,5.8343,5.8343,6.6554
20210725.19,121.79,32.0049,5.2435,-16.4766,-1.4685,1.87611,5.91,185,23.1543,194.923,6.6554,5.91,5.91,6.6554
20210725.2,121.79,32.0049,5.2435,-16.0086,-1.455,1.87554,5.9863,185,22.6857,194.424,6.6554,5.9863,5.9863,6.6554
20210725.21,121.79,32.0049,5.2435,-16.1197,-0.8276,1.87737,6.0478,185,22.2427,193.945,6.6554,6.0478,6.0478,6.6554
20210725.22,121.79,32.0049,5.2435,-16.3213,1.3937,1.87917,6.0943,185,21.8605,193.391,7.3171,6.0943,6.0943,7.3171
20210725.23,121.79,32.0049,5.2435,-16.1179,1.1027,1.87927,6.1372,185,21.5248,192.998,8.0444,6.1372,6.1372,8.0444
20210726,121.79,32.0049,5.2435,-16.3074,1.5614,1.88107,6.164,185,21.2449,192.604,8.8441,6.164,6.164,8.8441
20210726.01,121.79,32.0049,5.2435,-16.3351,2.3512,1.88172,6.1803,185,21.0294,192.197,8.8441,6.1803,6.1803,8.8441
20210726.02,121.79,32.0049,5.2435,-16.1347,3.351,1.88048,6.1919,185,20.8666,191.778,8.8441,6.1919,6.1919,8.8441
20210726.03,121.79,32.0049,5.2435,-15.592,4.7358,1.87666,6.2057,185,20.7497,191.341,8.8441,6.2057,6.2057,8.8441
20210726.04,121.79,32.0049,5.2435,-14.7823,5.2614,1.87091,6.2332,185,20.632,190.967,8.8441,6.2332,6.2332,8.8441
20210726.05,121.79,32.0049,5.2435,-14.4284,5.802,1.86821,6.2605,185,20.5179,190.594,8.8441,6.2604,6.2604,8.8441
20210726.06,121.79,32.0049,5.2435,-14.2078,7.1029,1.86742,6.2802,185,20.4593,190.181,8.8441,6.2802,6.2802,8.8441
20210726.07,121.79,32.0049,5.2435,-13.3737,7.5175,1.8614,6.3171,185,20.4036,189.898,8.8441,6.3171,6.3171,8.8441
20210726.08,121.79,32.0049,5.2435,-12.7051,6.6895,1.85292,6.3643,185,20.2988,189.779,8.8441,6.3643,6.3643,8.8441
20210726.09,121.79,32.0049,5.2435,-13.1229,6.4831,1.85016,6.374,185,20.2456,189.624,8.8441,6.374,6.374,8.8441
20210726.1,121.79,32.0049,5.2435,-14.1168,6.0517,1.85221,6.3426,185,20.2617,189.419,8.8441,6.3426,6.3426,8.8441
20210726.11,121.79,32.0049,5.2435,-14.4149,6.1019,1.85178,6.3015,185,20.331,189.186,8.8441,6.3015,6.3015,8.8441
20210726.12,121.79,32.0049,5.2435,-13.5166,6.0219,1.84255,6.2871,185,20.3653,189.035,8.8441,6.2871,6.2871,8.8441
20210726.13,121.79,32.0049,5.2435,-12.4444,5.3329,1.82824,6.2957,185,20.3143,189.01,8.0444,6.2957,6.2957,8.0444
20210726.14,121.79,32.0049,5.2435,-12.8882,6.5097,1.82456,6.2602,185,20.3676,188.786,8.0444,6.2602,6.2602,8.0444
20210726.15,121.79,32.0049,5.2435,-12.4401,7.275,1.81509,6.2418,185,20.4602,188.558,8.0444,6.2419,6.2419,8.0444
20210726.16,121.79,32.0049,5.2435,-12.3974,7.3822,1.80782,6.207,185,20.5926,188.422,8.0444,6.207,6.207,8.0444
20210726.17,121.79,32.0049,5.2435,-13.1162,7.4017,1.80493,6.1465,185,20.7712,188.138,8.0444,6.1465,6.1465,8.0444
20210726.18,121.79,32.0049,5.2435,-13.5248,7.9275,1.80442,6.0725,185,20.9932,187.724,8.0444,6.0725,6.0725,8.0444
20210726.19,121.79,32.0049,5.2435,-12.3962,8.3366,1.79328,6.0424,185,21.1421,187.435,8.0444,6.0424,6.0424,8.0444
20210726.2,121.79,32.0049,5.2435,-11.2118,9.6249,1.77899,6.0195,185,21.3461,187.142,8.0444,6.0195,6.0195,8.0444
20210726.21,121.79,32.0049,5.2435,-10.4126,10.4198,1.76348,6.002,185,21.6016,186.912,8.0444,6.002,6.002,8.0444
20210726.22,121.79,32.0049,5.2435,-7.6058,11.1517,1.73126,6.042,185,21.8502,187.062,8.0444,6.042,6.042,8.0444
20210726.23,121.79,32.0049,5.2435,-9.2735,9.5577,1.71548,6.0313,185,22.0251,186.991,8.0444,6.0313,6.0313,8.0444
20210727,121.79,32.0049,5.2435,-10.3636,8.6229,1.70271,5.9916,185,22.2153,186.738,8.0444,5.9916,5.9916,8.0444
20210727.01,121.79,32.0049,5.2435,-11.1405,8.0527,1.69053,5.9146,185,22.4327,186.212,8.0444,5.9146,5.9146,8.0444
20210727.02,121.79,32.0049,5.2435,-10.8326,7.8111,1.67018,5.8419,185,22.5858,185.64,7.3171,5.8419,5.8419,7.3171
20210727.03,121.79,32.0049,5.2435,-10.6558,8.9893,1.65366,5.7379,185,22.8965,184.779,7.3171,5.7379,5.7379,7.3171
20210727.04,121.79,32.0049,5.2435,-9.5761,9.125,1.62873,5.6851,185,23.1095,184.21,7.3171,5.6851,5.6851,7.3171
20210727.05,121.79,32.0049,5.2435,-8.9891,9.2049,1.60342,5.6584,185,23.2939,183.882,7.3171,5.6584,5.6584,7.3171
20210727.06,121.79,32.0049,5.2435,-9.6591,9.5411,1.59688,5.6155,185,23.5712,183.428,7.3171,5.6155,5.6155,7.3171
20210727.07,121.79,32.0049,5.2435,-10.0565,8.1518,1.595,5.6102,185,23.4926,183.407,7.3171,5.6102,5.6102,7.3171
20210727.08,121.79,32.0049,5.2435,-10.3805,7.7205,1.59413,5.5921,185,23.4761,183.446,7.3171,5.5921,5.5921,7.3171
20210727.09,121.79,32.0049,5.2435,-10.6802,7.4019,1.59089,5.5666,185,23.481,183.529,7.3171,5.5666,5.5666,7.3171
20210727.1,121.79,32.0049,5.2435,-10.9045,6.7658,1.58722,5.5323,185,23.4236,183.629,7.3171,5.5323,5.5323,7.3171
20210727.11,121.79,32.0049,5.2435,-11.0735,6.6064,1.58417,5.498,185,23.3445,183.702,7.3171,5.498,5.498,7.3171
20210727.12,121.79,32.0049,5.2435,-11.1044,6.8505,1.58271,5.4625,185,23.2957,183.707,7.3171,5.4625,5.4625,7.3171
20210727.13,121.79,32.0049,5.2435,-10.5421,7.3512,1.57597,5.4462,185,23.2683,183.787,7.3171,5.4462,5.4462,7.3171
20210727.14,121.79,32.0049,5.2435,-10.2981,7.6027,1.56705,5.4377,185,23.3231,183.921,7.3171,5.4377,5.4377,7.3171
20210727.15,121.79,32.0049,5.2435,-10.2088,7.6049,1.55888,5.4389,185,23.367,184.184,7.3171,5.4389,5.4389,7.3171
20210727.16,121.79,32.0049,5.2435,-10.0857,7.3641,1.54712,5.4356,185,23.461,184.49,7.3171,5.4356,5.4356,7.3171
20210727.17,121.79,32.0049,5.2435,-9.8196,7.4095,1.52689,5.423,185,23.6085,184.762,7.3171,5.423,5.423,7.3171
20210727.18,121.79,32.0049,5.2435,-9.4184,7.8628,1.49956,5.385,185,23.8901,184.796,7.3171,5.385,5.385,7.3171
20210727.19,121.79,32.0049,5.2435,-8.9677,8.3733,1.46642,5.3343,185,24.2211,184.625,6.6554,5.3343,5.3343,6.6554
20210727.2,121.79,32.0049,5.2435,-8.7219,8.2813,1.43018,5.275,185,24.5224,184.363,6.6554,5.275,5.275,6.6554
20210727.21,121.79,32.0049,5.2435,-8.6821,8.1189,1.3957,5.2121,185,24.769,183.974,6.6554,5.2121,5.2121,6.6554
20210727.22,121.79,32.0049,5.2435,-8.5461,7.4035,1.36079,5.1518,185,24.8882,183.697,6.6554,5.1518,5.1518,6.6554
20210727.23,121.79,32.0049,5.2435,-8.1825,7.9427,1.32772,5.0858,185,25.1571,183.244,6.6554,5.0858,5.0858,6.6554
20210728,121.79,32.0049,5.2435,-8.1415,7.5961,1.29867,5.0248,185,25.3415,182.917,6.6554,5.0248,5.0248,6.6554
20210728.01,121.79,32.0049,5.2435,-8.2741,6.7115,1.27574,4.9871,185,25.395,182.968,6.6554,4.9871,4.9871,6.6554
20210728.02,121.79,32.0049,5.2435,-8.4835,6.8836,1.26607,4.9497,185,25.5458,183.116,6.6554,4.9497,4.9497,6.6554
20210728.03,121.79,32.0049,5.2435,-8.1496,7.0515,1.25855,4.9274,185,25.7878,183.346,6.6554,4.9274,4.9274,6.6554
20210728.04,121.79,32.0049,5.2435,-7.5055,7.6018,1.24306,4.9116,185,26.1207,183.707,6.6554,4.9116,4.9116,6.6554
20210728.05,121.79,32.0049,5.2435,-7.4628,7.7269,1.22604,4.8842,185,26.5192,183.817,6.6554,4.8842,4.8842,6.6554
20210728.06,121.79,32.0049,5.2435,-7.633,7.7617,1.21166,4.8378,185,26.8308,183.699,6.6554,4.8378,4.8378,6.6554
20210728.07,121.79,32.0049,5.2435,-7.7417,7.6841,1.19898,4.7912,185,27.1146,183.403,6.6554,4.7912,4.7912,6.6554
20210728.08,121.79,32.0049,5.2435,-7.8085,7.0667,1.18217,4.7514,185,27.2095,183.306,6.0537,4.7514,4.7514,6.0537
20210728.09,121.79,32.0049,5.2435,-7.1063,7.4691,1.15933,4.724,185,27.4518,183.182,6.0537,4.724,4.724,6.0537
20210728.1,121.79,32.0049,5.2435,-6.8436,6.7696,1.12836,4.7079,185,27.5119,183.394,6.0537,4.7079,4.7079,6.0537
20210728.11,121.79,32.0049,5.2435,-7.1376,6.5474,1.10391,4.6686,185,27.6641,183.287,6.0537,4.6686,4.6686,6.0537
20210728.12,121.79,32.0049,5.2435,-7.016,6.7208,1.08493,4.6145,185,27.8065,183.058,6.0537,4.6145,4.6145,6.0537
20210728.13,121.79,32.0049,5.2435,-6.4135,7.5232,1.06491,4.5726,185,28.1827,182.784,6.0537,4.5726,4.5726,6.0537
20210728.14,121.79,32.0049,5.2435,-6.119,7.4511,1.04301,4.5291,185,28.4874,182.617,6.0537,4.5291,4.5291,6.0537
20210728.15,121.79,32.0049,5.2435,-5.6286,7.7752,1.02039,4.4921,185,28.8319,182.325,6.0537,4.4921,4.4921,6.0537
20210728.16,121.79,32.0049,5.2435,-5.5389,8.2964,1.00346,4.4232,185,29.2452,181.581,6.0537,4.4232,4.4232,6.0537
20210728.17,121.79,32.0049,5.2435,-5.6579,8.3855,0.99324,4.3422,185,29.6443,180.426,6.0537,4.3422,4.3422,6.0537
20210728.18,121.79,32.0049,5.2435,-5.6485,8.4508,0.98575,4.259,185,29.9833,179.223,6.0537,4.259,4.259,6.0537
20210728.19,121.79,32.0049,5.2435,-5.4096,8.5209,0.97632,4.2053,185,30.2563,178.175,6.0537,4.2053,4.2053,6.0537
20210728.2,121.79,32.0049,5.2435,-5.1281,8.4644,0.96177,4.1714,185,30.3846,177.552,6.0537,4.1714,4.1714,6.0537
20210728.21,121.79,32.0049,5.2435,-4.5136,8.4502,0.94251,4.1545,185,30.5425,177.139,6.0537,4.1545,4.1545,6.0537
20210728.22,121.79,32.0049,5.2435,-4.0382,7.4207,0.9108,4.1789,185,30.3847,177.761,5.5063,4.1789,4.1789,5.5063
20210728.23,121.79,32.0049,5.2435,-3.9989,7.9131,0.88833,4.1386,185,30.6453,177.473,5.5063,4.1386,4.1386,5.5063
20210729,121.79,32.0049,5.2435,-3.6893,8.7023,0.87656,4.0614,185,31.1132,176.438,5.5063,4.0614,4.0614,5.5063
20210729.01,121.79,32.0049,5.2435,-3.2206,8.4835,0.85819,4.0135,185,31.4438,176.003,5.5063,4.0135,4.0135,5.5063
20210729.02,121.79,32.0049,5.2435,-2.7608,8.5061,0.83674,3.9842,185,31.7562,175.791,5.5063,3.9842,3.9842,5.5063
20210729.03,121.79,32.0049,5.2435,-2.693,8.1264,0.8163,3.9443,185,31.903,175.471,5.5063,3.9443,3.9443,5.5063
20210729.04,121.79,32.0049,5.2435,-2.9122,7.8041,0.79585,3.8992,185,31.967,174.855,5.5063,3.8992,3.8992,5.5063
20210729.05,121.79,32.0049,5.2435,-2.9606,7.3412,0.77275,3.8475,185,31.7934,174.063,5.5063,3.8475,3.8475,5.5063
20210729.06,121.79,32.0049,5.2435,-2.664,7.1304,0.7446,3.8024,185,31.6016,173.227,5.5063,3.8024,3.8024,5.5063
20210729.07,121.79,32.0049,5.2435,-2.2362,6.7042,0.71148,3.7704,185,31.1833,172.633,5.5063,3.7704,3.7704,5.5063
20210729.08,121.79,32.0049,5.2435,-2.2375,6.0593,0.67697,3.7367,185,30.6549,172.044,5.5063,3.7367,3.7367,5.5063
20210729.09,121.79,32.0049,5.2435,-0.9288,6.1957,0.63726,3.7112,185,30.4716,171.936,5.5063,3.7112,3.7112,5.5063
20210729.1,121.79,32.0049,5.2435,-0.2758,5.2581,0.59475,3.7307,185,29.9879,172.547,5.5063,3.7307,3.7307,5.5063
20210729.11,121.79,32.0049,5.2435,-0.3157,5.0557,0.55793,3.723,185,29.6003,172.999,5.5063,3.723,3.723,5.5063
20210729.12,121.79,32.0049,5.2435,-0.1263,5.0691,0.52827,3.6542,185,29.6812,173.029,5.0084,3.6542,3.6542,5.0084
20210729.13,121.79,32.0049,5.2435,0.1368,4.6651,0.50095,3.6132,185,29.6728,173.508,5.0084,3.6132,3.6132,5.0084
20210729.14,121.79,32.0049,5.2435,0.7675,4.0879,0.4759,3.619,185,29.2966,174.501,5.0084,3.619,3.619,5.0084
20210729.15,121.79,32.0049,5.2435,1.6093,3.2855,0.45454,3.6487,185,28.7566,175.574,5.0084,3.6487,3.6487,5.0084
20210729.16,121.79,32.0049,5.2435,2.4227,2.356,0.43488,3.7219,185,27.7799,176.745,5.0084,3.7219,3.7219,5.0084
20210729.17,121.79,32.0049,5.2435,2.9501,1.2909,0.41544,3.8234,185,26.4567,177.908,5.0084,3.8234,3.8234,5.0084
20210729.18,121.79,32.0049,5.2435,3.0537,0.6298,0.39611,3.9349,185,24.9686,178.926,5.0084,3.9349,3.9349,5.0084
20210729.19,121.79,32.0049,5.2435,3.1572,0.3364,0.37722,4.0425,185,23.535,179.773,5.0084,4.0425,4.0425,5.0084
20210729.2,121.79,32.0049,5.2435,3.1817,0.1392,0.35959,4.1138,185,22.4553,180.394,5.0084,4.1138,4.1138,5.0084
20210729.21,121.79,32.0049,5.2435,3.2646,0.1091,0.34397,4.1359,185,21.8834,180.869,5.0084,4.1359,4.1359,5.0084
20210729.22,121.79,32.0049,5.2435,2.829,0.4064,0.33078,4.1349,185,21.3969,181.248,5.0084,4.1349,4.1349,5.0084
20210729.23,121.79,32.0049,5.2435,2.7214,0.4449,0.32027,4.107,185,21.2091,181.597,5.0084,4.107,4.107,5.0084
20210730,121.79,32.0049,5.2435,2.7114,0.3203,0.31193,4.0365,185,21.6736,181.982,5.0084,4.0365,4.0365,5.0084
20210730.01,121.79,32.0049,5.2435,2.5498,0.6392,0.30452,3.9339,185,22.7466,182.438,5.0084,3.9339,3.9339,5.0084
20210730.02,121.79,32.0049,5.2435,2.4336,0.9434,0.29728,3.7912,185,24.6079,183.002,5.0084,3.7912,3.7912,5.0084
20210730.03,121.79,32.0049,5.2435,2.2255,1.1956,0.28973,3.6181,185,27.0723,183.738,5.0084,3.6181,3.6181,5.0084
20210730.04,121.79,32.0049,5.2435,1.8254,1.602,0.28176,3.4232,185,29.9421,184.723,5.0084,3.4232,3.4232,5.0084
20210730.05,121.79,32.0049,5.2435,1.4221,1.8523,0.27353,3.2284,175,32.9316,185.864,5.0084,3.2284,3.2284,5.0084
20210730.06,121.79,32.0049,5.2435,0.9971,1.712,0.26478,3.0953,175,35.4136,186.714,5.0084,3.0953,3.0953,5.0084
20210730.07,121.79,32.0049,5.2435,0.3022,1.8622,0.25453,3.0789,175,36.3583,186.351,5.0084,3.0789,3.0789,5.0084
20210730.08,121.79,32.0049,5.2435,-0.5896,2.2413,0.24494,3.0441,175,36.4385,184.773,5.0084,3.0441,3.0441,5.0084
20210730.09,121.79,32.0049,5.2435,-1.1801,2.8167,0.23826,2.9122,175,36.9679,182.363,5.0084,2.9122,2.9122,5.0084
20210730.1,121.79,32.0049,5.2435,-2.0965,2.5831,0.23417,2.7363,175,37.5875,179.372,5.0084,2.7363,2.7363,5.0084
20210730.11,121.79,32.0049,5.2435,-2.1407,3.4015,0.23326,2.517,175,38.2787,175.484,5.0084,2.517,2.517,5.0084
20210730.12,121.79,32.0049,5.2435,-1.8401,3.9793,0.23516,2.3089,175,38.8345,170.963,5.0084,2.3089,2.3089,5.0084
20210730.13,121.79,32.0049,5.2435,-1.2339,4.248,0.23862,2.1598,175,38.8223,166.059,5.0084,2.1598,2.1598,5.0084
20210730.14,121.79,32.0049,5.2435,-0.8691,4.3201,0.24334,2.0532,175,38.6013,161.431,5.0084,2.0532,2.0532,5.0084
20210730.15,121.79,32.0049,5.2435,-0.5031,4.3419,0.24916,1.9761,175,38.168,157.247,5.0084,1.9761,1.9761,5.0084
20210730.16,121.79,32.0049,5.2435,-0.3994,3.6994,0.25396,1.9449,175,37.012,154.944,5.0084,1.9449,1.9449,5.0084
20210730.17,121.79,32.0049,5.2435,-0.6081,2.9465,0.25226,1.9758,175,35.0565,155.376,5.0084,1.9758,1.9758,5.0084
20210730.18,121.79,32.0049,5.2435,-0.685,2.5455,0.24751,2.0113,175,33.5105,156.167,5.0084,2.0113,2.0113,5.0084
20210730.19,121.79,32.0049,5.2435,-0.7184,1.715,0.2381,2.0696,175,32.1978,157.763,5.0084,2.0696,2.0696,5.0084
20210730.2,121.79,32.0049,5.2435,-1.1017,0.703,0.22614,2.1363,175,30.9542,159.681,4.5556,2.1363,2.1363,4.5556
20210730.21,121.79,32.0049,5.2435,-1.5616,0.0014,0.21287,2.2072,175,29.7695,161.75,4.5556,2.2072,2.2072,4.5556
20210730.22,121.79,32.0049,5.2435,-1.7464,-0.3749,0.20042,2.2614,175,28.7237,163.678,4.5556,2.2614,2.2614,4.5556
20210730.23,121.79,32.0049,5.2435,-1.7738,-1.7875,0.18955,2.2898,175,28.1267,165.712,4.5556,2.2898,2.2898,4.5556
20210731,121.79,32.0049,5.2435,-1.8487,-2.568,0.18136,2.2673,175,28.2703,168.066,4.5556,2.2673,2.2673,4.5556
20210731.01,121.79,32.0049,5.2435,-2.8524,-2.9918,0.17858,2.1502,175,29.2653,171.484,4.1436,2.1502,2.1502,4.1436
20210731.02,121.79,32.0049,5.2435,-3.3097,-2.1301,0.18297,1.9644,175,30.5358,174.97,4.1436,1.9644,1.9644,4.1436
20210731.03,121.79,32.0049,5.2435,-3.4159,-2.072,0.19318,1.8325,175,31.4966,177.384,3.769,1.8325,1.8325,3.769
20210731.04,121.79,32.0049,5.2435,-3.3446,-2.0055,0.2043,1.8033,175,31.8147,178.941,3.769,1.8033,1.8033,3.769
20210731.05,121.79,32.0049,5.2435,-3.4744,-1.3351,0.21388,1.8157,175,30.7605,180.811,3.769,1.8157,1.8157,3.769
20210731.06,121.79,32.0049,5.2435,-3.106,-0.3507,0.21911,1.8462,175,29.9287,181.364,3.769,1.8462,1.8462,3.769
20210731.07,121.79,32.0049,5.2435,-3.2486,-0.52,0.22251,1.8634,175,29.4512,182.35,3.4282,1.8634,1.8634,3.4282
20210731.08,121.79,32.0049,5.2435,-2.9479,0.1547,0.22063,1.9042,175,29.0514,182.385,3.4282,1.9042,1.9042,3.4282
20210731.09,121.79,32.0049,5.2435,-2.4649,0.5195,0.21526,1.9588,175,29.1487,182.596,3.4282,1.9588,1.9588,3.4282
20210731.1,121.79,32.0049,5.2435,-2.6458,0.4122,0.21036,1.9889,175,28.8726,182.719,3.4282,1.9889,1.9889,3.4282
20210731.11,121.79,32.0049,5.2435,-2.8932,1.9446,0.21274,1.9488,175,28.8057,179.941,3.4282,1.9488,1.9488,3.4282
20210731.12,121.79,32.0049,5.2435,-2.7154,4.1756,0.22046,1.897,175,29.0386,175.293,3.4282,1.897,1.897,3.4282
20210731.13,121.79,32.0049,5.2435,-1.7625,4.9452,0.22477,1.8719,175,29.9869,170.964,3.4282,1.8719,1.8719,3.4282
20210731.14,121.79,32.0049,5.2435,-0.7577,5.1223,0.22342,1.86,175,31.6228,166.947,2.1344,1.86,1.86,2.1344
20210731.15,121.79,32.0049,5.2435,-0.2101,4.8177,0.21573,1.8263,175,33.6409,163.27,2.1344,1.8263,1.8263,2.1344
20210731.16,121.79,32.0049,5.2435,-0.0988,4.2242,0.20606,1.7943,175,35.076,160.017,2.3465,1.7943,1.7943,2.3465
20210731.17,121.79,32.0049,5.2435,-0.0875,3.9468,0.19925,1.7669,175,35.7598,156.325,2.3465,1.7669,1.7669,2.3465
20210731.18,121.79,32.0049,5.2435,-0.3578,3.7442,0.19502,1.7512,175,35.3437,152.924,2.3465,1.7512,1.7512,2.3465
20210731.19,121.79,32.0049,5.2435,-0.5699,3.3192,0.1886,1.7397,175,33.8738,151.26,2.3465,1.7397,1.7397,2.3465
20210731.2,121.79,32.0049,5.2435,-0.5428,3.9908,0.19095,1.6979,145,32.9719,146.776,2.5798,1.6979,1.6979,2.5798
20210731.21,121.79,32.0049,5.2435,-0.347,4.0903,0.19315,1.6733,145,31.9229,143.078,2.5798,1.6733,1.6733,2.5798
20210731.22,121.79,32.0049,5.2435,0.0624,2.876,0.18463,1.7175,145,29.8468,143.083,2.5798,1.7175,1.7175,2.5798
20210731.23,121.79,32.0049,5.2435,-0.1805,2.3142,0.17408,1.7803,145,27.1326,143.345,2.8363,1.7803,1.7803,2.8363
20210715,121.793,32.0069,5.1507,-0.8823,7.6749,0.01829,1.6134,95,31.5042,96.551,1.9414,1.6134,1.6134,1.9414
20210715.01,121.793,32.0069,5.1507,-1.4814,7.3729,0.06254,1.2138,105,28.4947,100.133,1.9414,1.2138,1.2138,1.9414
20210715.02,121.793,32.0069,5.1507,-2.4166,7.2988,0.10039,1.2542,115,29.8661,107.146,1.9414,1.2542,1.2542,1.9414
20210715.03,121.793,32.0069,5.1507,-2.9381,7.7152,0.13786,1.3236,125,30.5086,113.205,1.9414,1.3236,1.3236,1.9414
20210715.04,121.793,32.0069,5.1507,-2.8319,8.0292,0.17607,1.399,125,30.6971,118.26,1.9414,1.399,1.399,1.9414
20210715.05,121.793,32.0069,5.1507,-2.9535,8.0625,0.21328,1.499,125,29.9033,123.426,1.9414,1.499,1.499,1.9414
20210715.06,121.793,32.0069,5.1507,-3.0097,8.0155,0.24912,1.6247,125,28.2746,127.493,2.1344,1.6247,1.6247,2.1344
20210715.07,121.793,32.0069,5.1507,-2.8415,7.8097,0.28259,1.747,125,26.7302,129.691,2.3465,1.747,1.747,2.3465
20210715.08,121.793,32.0069,5.1507,-2.7786,7.4208,0.31275,1.8779,125,25.4486,131.472,2.5798,1.8779,1.8779,2.5798
20210715.09,121.793,32.0069,5.1507,-3.1093,6.9836,0.34088,1.9963,145,24.2235,133.53,2.5798,1.9963,1.9963,2.5798
20210715.1,121.793,32.0069,5.1507,-2.8485,5.996,0.35686,2.1092,125,23.2422,135.535,2.8363,2.1092,2.1092,2.8363
20210715.11,121.793,32.0069,5.1507,-3.6951,6.6716,0.38485,2.1826,145,22.5366,136.647,2.8363,2.1826,2.1826,2.8363
20210715.12,121.793,32.0069,5.1507,-4.3378,7.3462,0.42902,2.2629,145,22.1495,137.966,3.1182,2.2629,2.2629,3.1182
20210715.13,121.793,32.0069,5.1507,-5.1673,7.6759,0.47684,2.3676,145,21.9219,139.693,3.1182,2.3676,2.3676,3.1182
20210715.14,121.793,32.0069,5.1507,-4.7924,7.8838,0.5145,2.4845,145,22.0302,140.994,3.1182,2.4845,2.4845,3.1182
20210715.15,121.793,32.0069,5.1507,-4.2256,7.8105,0.53403,2.5921,145,22.1247,141.809,3.1182,2.5921,2.5921,3.1182
20210715.16,121.793,32.0069,5.1507,-3.4421,7.8971,0.54438,2.6872,155,22.2172,142.264,3.4282,2.6872,2.6872,3.4282
20210715.17,121.793,32.0069,5.1507,-3.0661,7.7851,0.54951,2.7593,155,22.2576,142.633,3.4282,2.7593,2.7593,3.4282
20210715.18,121.793,32.0069,5.1507,-2.9104,7.5034,0.55129,2.8106,155,22.2957,143.375,3.4282,2.8106,2.8106,3.4282
20210715.19,121.793,32.0069,5.1507,-3.1413,7.568,0.55789,2.8295,145,22.266,143.582,3.4282,2.8295,2.8295,3.4282
20210715.2,121.793,32.0069,5.1507,-3.1797,7.7357,0.56612,2.8293,145,22.3756,143.763,3.769,2.8293,2.8293,3.769
20210715.21,121.793,32.0069,5.1507,-3.0677,7.4851,0.56043,2.8435,145,22.5363,144.018,3.769,2.8435,2.8435,3.769
20210715.22,121.793,32.0069,5.1507,-2.5639,6.6566,0.53154,2.8443,145,22.7547,144.439,3.769,2.8443,2.8443,3.769
20210715.23,121.793,32.0069,5.1507,-3.5115,6.2463,0.51339,2.7905,145,22.3741,144.12,3.769,2.7905,2.7905,3.769
20210716,121.793,32.0069,5.1507,-3.9549,6.0901,0.50947,2.7323,145,21.7139,143.919,3.769,2.7323,2.7323,3.769
20210716.01,121.793,32.0069,5.1507,-4.2423,6.4061,0.51194,2.687,145,21.3632,143.419,3.4282,2.687,2.687,3.4282
20210716.02,121.793,32.0069,5.1507,-4.2392,6.4741,0.51369,2.6631,145,21.1493,143.165,3.4282,2.6631,2.6631,3.4282
20210716.03,121.793,32.0069,5.1507,-4.345,6.2496,0.50995,2.6678,145,20.8904,143.202,3.4282,2.6678,2.6678,3.4282
20210716.04,121.793,32.0069,5.1507,-4.5481,6.0233,0.50978,2.6604,145,20.6995,143.32,3.4282,2.6604,2.6604,3.4282
20210716.05,121.793,32.0069,5.1507,-4.5103,6.0029,0.50698,2.6658,145,20.6231,143.633,3.4282,2.6658,2.6658,3.4282
20210716.06,121.793,32.0069,5.1507,-4.8535,5.662,0.50763,2.6611,145,20.5699,144.019,3.4282,2.6611,2.6611,3.4282
20210716.07,121.793,32.0069,5.1507,-5.221,5.5716,0.51158,2.6639,145,20.5157,144.7,3.4282,2.6639,2.6639,3.4282
20210716.08,121.793,32.0069,5.1507,-5.2819,5.7361,0.52259,2.6755,145,20.5926,145.232,3.4282,2.6755,2.6755,3.4282
20210716.09,121.793,32.0069,5.1507,-4.8949,5.7526,0.52093,2.7,145,20.8884,145.914,3.4282,2.7,2.7,3.4282
20210716.1,121.793,32.0069,5.1507,-3.3993,6.4285,0.50482,2.7213,145,21.5316,145.858,3.4282,2.7213,2.7213,3.4282
20210716.11,121.793,32.0069,5.1507,-3.0624,5.4017,0.47175,2.7174,145,22.1055,146.245,3.4282,2.7174,2.7174,3.4282
20210716.12,121.793,32.0069,5.1507,-3.4741,5.0624,0.4511,2.6717,145,22.3213,146.627,3.4282,2.6717,2.6717,3.4282
20210716.13,121.793,32.0069,5.1507,-4.2521,5.0345,0.45002,2.5953,145,22.2407,146.998,3.4282,2.5953,2.5953,3.4282
20210716.14,121.793,32.0069,5.1507,-4.4364,4.9708,0.45263,2.5532,145,22.2018,147.606,3.4282,2.5532,2.5532,3.4282
20210716.15,121.793,32.0069,5.1507,-4.6099,5.2581,0.45606,2.524,145,22.4135,147.584,3.4282,2.524,2.524,3.4282
20210716.16,121.793,32.0069,5.1507,-5.0333,5.5185,0.46831,2.5218,145,22.3598,147.602,3.4282,2.5218,2.5218,3.4282
20210716.17,121.793,32.0069,5.1507,-5.5669,5.8956,0.49291,2.5417,145,22.2153,147.76,3.4282,2.5417,2.5417,3.4282
20210716.18,121.793,32.0069,5.1507,-5.784,6.3614,0.52032,2.5913,155,22.2415,148.191,3.4282,2.5913,2.5913,3.4282
20210716.19,121.793,32.0069,5.1507,-5.7767,6.7292,0.54756,2.6556,155,22.3774,148.654,3.4282,2.6556,2.6556,3.4282
20210716.2,121.793,32.0069,5.1507,-5.1636,6.7523,0.55858,2.7321,155,22.7079,149.263,3.4282,2.7321,2.7321,3.4282
20210716.21,121.793,32.0069,5.1507,-4.1122,6.6448,0.55113,2.8002,155,23.1931,149.761,3.4282,2.8002,2.8002,3.4282
20210716.22,121.793,32.0069,5.1507,-3.2687,6.0416,0.52952,2.8507,155,23.7592,150.394,3.4282,2.8507,2.8507,3.4282
20210716.23,121.793,32.0069,5.1507,-2.9822,5.4916,0.50772,2.8838,155,24.1771,151.453,3.4282,2.8838,2.8838,3.4282
20210717,121.793,32.0069,5.1507,-3.4939,5.2283,0.49689,2.8726,145,24.3056,152.336,3.4282,2.8726,2.8726,3.4282
20210717.01,121.793,32.0069,5.1507,-4.3033,4.9779,0.49541,2.8202,145,24.1804,153.138,3.4282,2.8202,2.8202,3.4282
20210717.02,121.793,32.0069,5.1507,-4.8261,4.9702,0.49926,2.7564,145,24.1064,153.43,3.4282,2.7564,2.7564,3.4282
20210717.03,121.793,32.0069,5.1507,-4.8379,4.7911,0.49575,2.7048,165,24.1423,153.552,3.4282,2.7048,2.7048,3.4282
20210717.04,121.793,32.0069,5.1507,-5.5528,4.4383,0.49185,2.6618,165,23.8869,153.501,3.4282,2.6618,2.6618,3.4282
20210717.05,121.793,32.0069,5.1507,-6.2039,4.3578,0.50127,2.6226,165,23.4404,153.46,3.4282,2.6226,2.6226,3.4282
20210717.06,121.793,32.0069,5.1507,-6.3264,4.5959,0.51349,2.6327,165,23.1493,153.725,3.4282,2.6327,2.6327,3.4282
20210717.07,121.793,32.0069,5.1507,-5.273,4.8207,0.50927,2.6748,165,23.1965,154.165,3.4282,2.6748,2.6748,3.4282
20210717.08,121.793,32.0069,5.1507,-4.8677,4.5976,0.4888,2.7027,165,23.4714,154.587,3.4282,2.7027,2.7027,3.4282
20210717.09,121.793,32.0069,5.1507,-4.6617,4.4624,0.47251,2.6888,165,23.8171,155.008,3.4282,2.6888,2.6888,3.4282
20210717.1,121.793,32.0069,5.1507,-4.5753,3.3028,0.44846,2.6853,165,23.935,156.589,3.4282,2.6853,2.6853,3.4282
20210717.11,121.793,32.0069,5.1507,-4.7943,3.0028,0.4278,2.6315,175,23.9355,157.902,3.4282,2.6315,2.6315,3.4282
20210717.12,121.793,32.0069,5.1507,-5.1418,2.9676,0.42083,2.5454,175,23.8534,158.248,3.4282,2.5454,2.5454,3.4282
20210717.13,121.793,32.0069,5.1507,-5.5317,3.0248,0.42304,2.4761,175,23.7347,158.243,3.4282,2.4761,2.4761,3.4282
20210717.14,121.793,32.0069,5.1507,-5.7496,2.9541,0.42743,2.446,175,23.6513,158.513,3.1182,2.446,2.446,3.1182
20210717.15,121.793,32.0069,5.1507,-5.5531,3.1783,0.42993,2.4548,175,23.5503,158.82,3.1182,2.4548,2.4548,3.1182
20210717.16,121.793,32.0069,5.1507,-5.2424,3.3605,0.42658,2.4747,175,23.6465,159.098,3.1182,2.4747,2.4747,3.1182
20210717.17,121.793,32.0069,5.1507,-4.9331,3.5595,0.4219,2.496,175,23.8163,159.361,3.1182,2.496,2.496,3.1182
20210717.18,121.793,32.0069,5.1507,-4.2305,3.751,0.40958,2.5156,175,24.3408,159.706,3.1182,2.5156,2.5156,3.1182
20210717.19,121.793,32.0069,5.1507,-3.7336,3.5908,0.39067,2.5206,175,24.9051,160.229,3.1182,2.5206,2.5206,3.1182
20210717.2,121.793,32.0069,5.1507,-3.7617,3.3182,0.3736,2.4937,175,25.3281,160.668,3.1182,2.4937,2.4937,3.1182
20210717.21,121.793,32.0069,5.1507,-3.6557,3.0789,0.35861,2.4475,175,25.4325,161.13,3.1182,2.4475,2.4475,3.1182
20210717.22,121.793,32.0069,5.1507,-3.0709,2.5996,0.33498,2.4234,175,25.3825,162.213,3.1182,2.4234,2.4234,3.1182
20210717.23,121.793,32.0069,5.1507,-3.8034,2.0373,0.31399,2.3367,175,25.026,162.993,3.1182,2.3367,2.3367,3.1182
20210718,121.793,32.0069,5.1507,-4.2423,1.8603,0.30603,2.2012,175,24.4218,163.089,3.1182,2.2012,2.2012,3.1182
20210718.01,121.793,32.0069,5.1507,-4.0016,2.0087,0.29727,2.1063,175,24.541,163.001,3.1182,2.1063,2.1063,3.1182
20210718.02,121.793,32.0069,5.1507,-3.809,1.9078,0.28237,2.0445,175,24.8634,163.089,3.1182,2.0445,2.0445,3.1182
20210718.03,121.793,32.0069,5.1507,-3.7195,1.628,0.26543,1.9831,175,25.0225,163.422,2.8363,1.9831,1.9831,2.8363
20210718.04,121.793,32.0069,5.1507,-3.7645,1.2268,0.25093,1.923,175,25.2688,164.118,2.8363,1.923,1.923,2.8363
20210718.05,121.793,32.0069,5.1507,-3.8654,0.9689,0.23942,1.8678,175,25.2307,165.384,2.5798,1.8678,1.8678,2.5798
20210718.06,121.793,32.0069,5.1507,-4.3791,0.9019,0.23827,1.8165,175,25.1858,166.372,2.5798,1.8165,1.8165,2.5798
20210718.07,121.793,32.0069,5.1507,-5.128,0.8581,0.2511,1.7861,175,25.1538,167.085,2.3465,1.7861,1.7861,2.3465
20210718.08,121.793,32.0069,5.1507,-5.8124,0.7938,0.27298,1.8199,175,25.1159,167.824,2.3465,1.8199,1.8199,2.3465
20210718.09,121.793,32.0069,5.1507,-6.1453,1.197,0.2967,1.8874,175,25.1816,167.925,2.3465,1.8874,1.8874,2.3465
20210718.1,121.793,32.0069,5.1507,-5.8654,1.7735,0.31413,1.9718,175,25.1566,167.76,2.3465,1.9718,1.9718,2.3465
20210718.11,121.793,32.0069,5.1507,-5.6196,2.2001,0.32823,2.0504,175,25.1649,166.821,2.5798,2.0504,2.0504,2.5798
20210718.12,121.793,32.0069,5.1507,-4.7754,2.8818,0.33237,2.1383,175,25.4945,165.709,2.5798,2.1383,2.1383,2.5798
20210718.13,121.793,32.0069,5.1507,-3.9809,3.3349,0.33097,2.2037,155,26.0723,164.199,2.5798,2.2037,2.2037,2.5798
20210718.14,121.793,32.0069,5.1507,-3.3077,3.4217,0.32276,2.2542,155,26.8143,163.363,2.5798,2.2542,2.2542,2.5798
20210718.15,121.793,32.0069,5.1507,-3.016,3.0624,0.31279,2.2872,155,27.3397,163.27,2.8363,2.2872,2.2872,2.8363
20210718.16,121.793,32.0069,5.1507,-3.3031,2.5986,0.30297,2.2925,145,27.2989,163.501,3.1182,2.2925,2.2925,3.1182
20210718.17,121.793,32.0069,5.1507,-3.3103,2.6093,0.29649,2.2516,155,27.0016,163.32,3.1182,2.2516,2.2516,3.1182
20210718.18,121.793,32.0069,5.1507,-3.609,2.5003,0.28978,2.1877,175,26.615,162.758,3.1182,2.1877,2.1877,3.1182
20210718.19,121.793,32.0069,5.1507,-4.1911,2.4819,0.29153,2.0915,175,25.9786,161.517,2.8363,2.0915,2.0915,2.8363
20210718.2,121.793,32.0069,5.1507,-4.5127,2.6728,0.30131,2.0411,175,25.3719,160.11,2.8363,2.0411,2.0411,2.8363
20210718.21,121.793,32.0069,5.1507,-4.3884,2.6107,0.30499,2.0503,175,25.049,159.725,2.8363,2.0503,2.0503,2.8363
20210718.22,121.793,32.0069,5.1507,-3.531,2.6878,0.29392,2.0745,175,25.0119,160.068,2.8363,2.0745,2.0745,2.8363
20210718.23,121.793,32.0069,5.1507,-3.9854,2.1269,0.2826,2.0604,175,24.9285,160.709,2.8363,2.0604,2.0604,2.8363
20210719,121.793,32.0069,5.1507,-4.1469,2.0413,0.28378,2.0544,175,24.535,161.746,2.5798,2.0544,2.0544,2.5798
20210719.01,121.793,32.0069,5.1507,-4.1518,1.9668,0.28601,2.0506,175,24.4738,162.609,2.5798,2.0506,2.0506,2.5798
20210719.02,121.793,32.0069,5.1507,-4.4331,1.9091,0.28941,2.0454,175,24.5501,163.255,2.8363,2.0454,2.0454,2.8363
20210719.03,121.793,32.0069,5.1507,-4.9722,1.6886,0.30178,2.0467,175,24.3383,163.877,2.8363,2.0467,2.0467,2.8363
20210719.04,121.793,32.0069,5.1507,-5.4505,1.6943,0.32067,2.0646,175,24.1966,164.668,2.8363,2.0646,2.0646,2.8363
20210719.05,121.793,32.0069,5.1507,-5.4097,2.2173,0.3401,2.125,175,24.065,164.782,2.8363,2.125,2.125,2.8363
20210719.06,121.793,32.0069,5.1507,-5.1933,2.664,0.35116,2.1866,175,24.1385,164.714,2.8363,2.1866,2.1866,2.8363
20210719.07,121.793,32.0069,5.1507,-5.0807,3.1757,0.36045,2.2353,175,24.4498,163.807,2.8363,2.2353,2.2353,2.8363
20210719.08,121.793,32.0069,5.1507,-4.8801,3.4594,0.36791,2.275,175,24.7818,163.109,2.8363,2.275,2.275,2.8363
20210719.09,121.793,32.0069,5.1507,-4.6134,3.3023,0.36792,2.3048,175,25.141,162.827,2.8363,2.3048,2.3048,2.8363
20210719.1,121.793,32.0069,5.1507,-3.9373,2.9195,0.35428,2.339,175,25.4535,163.625,2.8363,2.339,2.339,2.8363
20210719.11,121.793,32.0069,5.1507,-4.4768,2.7076,0.34787,2.3174,175,25.6792,163.429,3.1182,2.3174,2.3174,3.1182
20210719.12,121.793,32.0069,5.1507,-5.3652,3.5437,0.36807,2.2625,175,25.5299,161.598,3.1182,2.2625,2.2625,3.1182
20210719.13,121.793,32.0069,5.1507,-4.9735,3.6241,0.38474,2.2927,175,25.3318,160.81,3.1182,2.2927,2.2927,3.1182
20210719.14,121.793,32.0069,5.1507,-4.7999,3.393,0.38499,2.3273,175,25.3417,161.099,3.1182,2.3273,2.3273,3.1182
20210719.15,121.793,32.0069,5.1507,-4.7535,3.359,0.38602,2.3585,175,25.3219,161.311,3.1182,2.3585,2.3585,3.1182
20210719.16,121.793,32.0069,5.1507,-5.0775,3.4664,0.39701,2.3795,175,25.2251,161.263,3.1182,2.3795,2.3795,3.1182
20210719.17,121.793,32.0069,5.1507,-5.1145,3.6588,0.41319,2.4221,175,25.2469,161.616,3.1182,2.4221,2.4221,3.1182
20210719.18,121.793,32.0069,5.1507,-5.3444,3.6863,0.42718,2.4628,175,25.2675,162.025,3.1182,2.4628,2.4628,3.1182
20210719.19,121.793,32.0069,5.1507,-5.3912,3.338,0.43974,2.5171,175,25.163,162.981,3.1182,2.5171,2.5171,3.1182
20210719.2,121.793,32.0069,5.1507,-5.6884,3.0559,0.45027,2.5542,175,25.0243,163.931,3.4282,2.5542,2.5542,3.4282
20210719.21,121.793,32.0069,5.1507,-6.1991,2.746,0.46775,2.5886,175,24.7502,164.88,3.4282,2.5886,2.5886,3.4282
20210719.22,121.793,32.0069,5.1507,-5.9303,1.8778,0.47518,2.6437,175,24.1876,166.888,3.4282,2.6437,2.6437,3.4282
20210719.23,121.793,32.0069,5.1507,-6.7271,2.1076,0.48969,2.6737,175,23.859,168.23,3.4282,2.6737,2.6737,3.4282
20210720,121.793,32.0069,5.1507,-6.7037,2.7291,0.51627,2.7216,175,23.6855,168.77,3.4282,2.7216,2.7216,3.4282
20210720.01,121.793,32.0069,5.1507,-6.504,3.1306,0.53293,2.7915,175,23.7248,169.222,3.4282,2.7915,2.7915,3.4282
20210720.02,121.793,32.0069,5.1507,-6.4698,3.1193,0.5415,2.848,175,23.8263,169.606,3.769,2.848,2.848,3.769
20210720.03,121.793,32.0069,5.1507,-6.3018,2.7047,0.54609,2.8988,175,23.7249,170.269,3.769,2.8988,2.8988,3.769
20210720.04,121.793,32.0069,5.1507,-6.394,2.4711,0.54638,2.9279,175,23.6578,170.875,3.769,2.9279,2.9279,3.769
20210720.05,121.793,32.0069,5.1507,-6.7992,2.434,0.5539,2.9266,175,23.5117,171.089,3.769,2.9266,2.9266,3.769
20210720.06,121.793,32.0069,5.1507,-7.1592,2.3021,0.56648,2.9244,175,23.3274,171.251,3.769,2.9244,2.9244,3.769
20210720.07,121.793,32.0069,5.1507,-7.2262,2.1136,0.57737,2.9354,175,23.0275,171.649,3.769,2.9354,2.9354,3.769
20210720.08,121.793,32.0069,5.1507,-7.1645,2.0451,0.58264,2.9565,175,22.8784,172.072,3.769,2.9565,2.9565,3.769
20210720.09,121.793,32.0069,5.1507,-7.0148,1.969,0.58338,2.9813,175,22.6523,172.576,3.769,2.9813,2.9813,3.769
20210720.1,121.793,32.0069,5.1507,-6.8357,1.6183,0.58034,3.0135,175,22.4104,173.234,3.769,3.0135,3.0135,3.769
20210720.11,121.793,32.0069,5.1507,-7.3792,1.7783,0.58612,3.0117,175,22.3441,173.427,3.769,3.0117,3.0117,3.769
20210720.12,121.793,32.0069,5.1507,-7.3216,1.9965,0.60149,3.0332,175,22.2185,173.479,3.769,3.0332,3.0332,3.769
20210720.13,121.793,32.0069,5.1507,-7.3334,2.0523,0.61174,3.0662,175,22.1862,173.597,3.769,3.0662,3.0662,3.769
20210720.14,121.793,32.0069,5.1507,-7.0325,2.0831,0.61603,3.1116,175,22.0812,173.881,3.769,3.1116,3.1116,3.769
20210720.15,121.793,32.0069,5.1507,-6.9176,1.8875,0.61431,3.1423,175,22.0435,174.206,3.769,3.1423,3.1423,3.769
20210720.16,121.793,32.0069,5.1507,-7.5105,1.9893,0.6205,3.1334,175,22.1408,174.172,3.769,3.1334,3.1334,3.769
20210720.17,121.793,32.0069,5.1507,-7.8385,2.2372,0.64038,3.1237,175,22.1503,173.858,3.769,3.1237,3.1237,3.769
20210720.18,121.793,32.0069,5.1507,-7.4143,2.2241,0.65127,3.1616,175,22.0519,173.872,3.769,3.1616,3.1616,3.769
20210720.19,121.793,32.0069,5.1507,-6.5175,1.8203,0.63747,3.2253,175,21.9327,174.546,3.769,3.2253,3.2253,3.769
20210720.2,121.793,32.0069,5.1507,-5.8857,1.1263,0.60709,3.2756,175,21.7597,175.672,3.769,3.2756,3.2756,3.769
20210720.21,121.793,32.0069,5.1507,-5.6676,0.2215,0.57691,3.3034,175,21.4747,176.945,4.1436,3.3034,3.3034,4.1436
20210720.22,121.793,32.0069,5.1507,-4.955,-0.2914,0.54637,3.3271,175,21.229,178.107,4.1436,3.3271,3.3271,4.1436
20210720.23,121.793,32.0069,5.1507,-5.5057,-1.0986,0.52071,3.2738,175,21.1492,179.079,4.1436,3.2738,3.2738,4.1436
20210721,121.793,32.0069,5.1507,-5.9265,-1.4529,0.5084,3.1107,175,21.2927,180.026,4.1436,3.1107,3.1107,4.1436
20210721.01,121.793,32.0069,5.1507,-6.1771,-1.0035,0.50436,2.934,175,21.8061,180.755,3.769,2.934,2.934,3.769
20210721.02,121.793,32.0069,5.1507,-6.1124,-1.0044,0.5002,2.82,175,22.5742,181.608,3.769,2.82,2.82,3.769
20210721.03,121.793,32.0069,5.1507,-5.7922,-1.5356,0.49043,2.7665,175,23.313,182.844,3.769,2.7665,2.7665,3.769
20210721.04,121.793,32.0069,5.1507,-5.4358,-1.9711,0.47597,2.7462,175,24.0417,184.531,3.4282,2.7462,2.7462,3.4282
20210721.05,121.793,32.0069,5.1507,-5.2986,-2.3254,0.46375,2.7266,175,24.9051,186.412,3.4282,2.7266,2.7266,3.4282
20210721.06,121.793,32.0069,5.1507,-4.9941,-2.871,0.4547,2.6985,175,25.8194,188.532,3.4282,2.6985,2.6985,3.4282
20210721.07,121.793,32.0069,5.1507,-4.6823,-3.3359,0.4487,2.6736,175,27.0142,191.084,3.4282,2.6736,2.6736,3.4282
20210721.08,121.793,32.0069,5.1507,-4.5463,-3.7205,0.4474,2.6515,175,28.1097,193.913,3.4282,2.6515,2.6515,3.4282
20210721.09,121.793,32.0069,5.1507,-4.8015,-3.9507,0.45805,2.6416,175,28.9839,196.739,3.1182,2.6416,2.6416,3.1182
20210721.1,121.793,32.0069,5.1507,-4.5666,-2.9164,0.47492,2.7052,175,29.0194,198.021,3.1182,2.7052,2.7052,3.1182
20210721.11,121.793,32.0069,5.1507,-5.7387,-2.7469,0.49308,2.7599,175,28.5824,197.216,3.1182,2.7599,2.7599,3.1182
20210721.12,121.793,32.0069,5.1507,-6.4115,-1.9922,0.52658,2.7909,175,28.0412,196.287,3.1182,2.7909,2.7909,3.1182
20210721.13,121.793,32.0069,5.1507,-6.7655,-1.4556,0.55763,2.8489,175,27.3897,194.29,3.1182,2.8489,2.8489,3.1182
20210721.14,121.793,32.0069,5.1507,-7.0931,-1.1789,0.58644,2.9166,175,26.7792,192.284,3.1182,2.9166,2.9166,3.1182
20210721.15,121.793,32.0069,5.1507,-7.0368,-1.1742,0.60996,3.0009,175,26.2658,190.41,3.1182,3.0009,3.0009,3.1182
20210721.16,121.793,32.0069,5.1507,-6.8953,-1.2585,0.6258,3.0913,175,25.8283,189.027,3.4282,3.0913,3.0913,3.4282
20210721.17,121.793,32.0069,5.1507,-7.0504,-1.1254,0.64026,3.1661,175,25.4274,187.859,3.4282,3.1661,3.1661,3.4282
20210721.18,121.793,32.0069,5.1507,-7.25,-0.9912,0.6577,3.2248,175,24.9093,186.745,3.4282,3.2248,3.2248,3.4282
20210721.19,121.793,32.0069,5.1507,-7.1423,-1.1484,0.6721,3.2845,175,24.4252,186.075,3.4282,3.2845,3.2845,3.4282
20210721.2,121.793,32.0069,5.1507,-7.0075,-1.4878,0.67943,3.343,175,24.0509,185.894,3.769,3.343,3.343,3.769
20210721.21,121.793,32.0069,5.1507,-6.9528,-1.9254,0.68469,3.3928,185,23.7274,186.136,3.769,3.3928,3.3928,3.769
20210721.22,121.793,32.0069,5.1507,-6.5795,-2.2719,0.68634,3.4359,185,23.6573,186.682,3.769,3.4359,3.4359,3.769
20210721.23,121.793,32.0069,5.1507,-7.1308,-2.312,0.68908,3.4476,185,23.6797,187.281,3.769,3.4476,3.4476,3.769
20210722,121.793,32.0069,5.1507,-7.8339,-2.0395,0.70829,3.4099,185,23.7845,187.421,3.769,3.4099,3.4099,3.769
20210722.01,121.793,32.0069,5.1507,-7.7402,-1.9485,0.73137,3.4198,185,23.7645,187.381,3.769,3.4198,3.4198,3.769
20210722.02,121.793,32.0069,5.1507,-7.5239,-2.313,0.74373,3.4561,185,23.7617,187.681,3.769,3.4561,3.4561,3.769
20210722.03,121.793,32.0069,5.1507,-7.8686,-2.1087,0.75354,3.4893,185,23.8937,187.927,3.769,3.4893,3.4893,3.769
20210722.04,121.793,32.0069,5.1507,-7.8796,-1.7248,0.76853,3.5112,185,23.9411,187.883,3.769,3.5112,3.5112,3.769
20210722.05,121.793,32.0069,5.1507,-7.3266,-1.7515,0.76985,3.5625,185,23.9499,187.911,3.769,3.5625,3.5625,3.769
20210722.06,121.793,32.0069,5.1507,-7.1093,-1.7318,0.76026,3.599,185,24.0009,188.257,3.769,3.599,3.599,3.769
20210722.07,121.793,32.0069,5.1507,-7.0733,-1.7109,0.74895,3.6219,185,24.0638,188.496,3.769,3.6219,3.6219,3.769
20210722.08,121.793,32.0069,5.1507,-7.2146,-1.6459,0.74415,3.6037,185,24.0476,188.661,6.6554,3.6037,3.6037,6.6554
20210722.09,121.793,32.0069,5.1507,-7.2735,-1.7661,0.74076,3.5963,185,24.054,188.619,6.6554,3.5963,3.5963,6.6554
20210722.1,121.793,32.0069,5.1507,-7.6898,-1.5361,0.74746,3.5578,185,23.9831,188.433,6.6554,3.5578,3.5578,6.6554
20210722.11,121.793,32.0069,5.1507,-7.6069,-0.8169,0.75821,3.5555,185,23.9603,187.827,6.6554,3.5555,3.5555,6.6554
20210722.12,121.793,32.0069,5.1507,-7.1992,-0.8519,0.76167,3.5793,185,23.7068,187.197,3.769,3.5793,3.5793,3.769
20210722.13,121.793,32.0069,5.1507,-7.5295,-0.7286,0.76135,3.6071,185,23.5501,186.616,3.769,3.6071,3.6071,3.769
20210722.14,121.793,32.0069,5.1507,-7.3549,-0.8582,0.76738,3.627,185,23.2739,186.07,3.769,3.627,3.627,3.769
20210722.15,121.793,32.0069,5.1507,-7.4278,-0.9012,0.76909,3.6556,185,23.0843,185.687,3.769,3.6556,3.6556,3.769
20210722.16,121.793,32.0069,5.1507,-7.5555,-1.0235,0.77322,3.6666,185,22.9078,185.53,3.769,3.6666,3.6666,3.769
20210722.17,121.793,32.0069,5.1507,-7.5791,-1.2581,0.7772,3.6756,185,22.8467,185.487,6.6554,3.6756,3.6756,6.6554
20210722.18,121.793,32.0069,5.1507,-7.5807,-1.6485,0.78202,3.6838,185,22.7013,185.726,6.6554,3.6838,3.6838,6.6554
20210722.19,121.793,32.0069,5.1507,-7.6897,-1.98,0.78558,3.6883,185,22.7474,186.002,6.6554,3.6883,3.6883,6.6554
20210722.2,121.793,32.0069,5.1507,-7.9682,-2.1331,0.7962,3.6862,185,22.7678,186.367,7.3171,3.6862,3.6862,7.3171
20210722.21,121.793,32.0069,5.1507,-7.87,-2.5005,0.80784,3.6907,185,22.8829,186.717,3.769,3.6907,3.6907,3.769
20210722.22,121.793,32.0069,5.1507,-7.5281,-2.4748,0.81419,3.7163,185,22.9815,187.272,4.1436,3.7163,3.7163,4.1436
20210722.23,121.793,32.0069,5.1507,-8.2145,-2.7766,0.82195,3.7174,185,23.1609,187.682,4.1436,3.7174,3.7174,4.1436
20210723,121.793,32.0069,5.1507,-8.8348,-2.9263,0.84739,3.7023,185,23.3211,187.819,4.1436,3.7023,3.7023,4.1436
20210723.01,121.793,32.0069,5.1507,-8.3783,-3.5046,0.87032,3.7222,185,23.5565,188.289,4.1436,3.7222,3.7222,4.1436
20210723.02,121.793,32.0069,5.1507,-7.8328,-3.7209,0.87712,3.7728,185,23.7611,189.285,4.1436,3.7728,3.7728,4.1436
20210723.03,121.793,32.0069,5.1507,-8.1304,-3.3817,0.87721,3.8055,185,24.0903,190.132,4.1436,3.8055,3.8055,4.1436
20210723.04,121.793,32.0069,5.1507,-7.9134,-3.151,0.87989,3.829,185,24.229,190.55,4.1436,3.829,3.829,4.1436
20210723.05,121.793,32.0069,5.1507,-7.4125,-3.3414,0.87042,3.8492,185,24.4461,191.255,4.1436,3.8492,3.8492,4.1436
20210723.06,121.793,32.0069,5.1507,-7.7534,-3.2249,0.85824,3.8445,185,24.6461,191.911,4.1436,3.8445,3.8445,4.1436
20210723.07,121.793,32.0069,5.1507,-7.6937,-3.1141,0.85437,3.8191,185,24.7995,192.363,4.1436,3.8191,3.8191,4.1436
20210723.08,121.793,32.0069,5.1507,-7.2583,-2.9673,0.84537,3.8154,185,24.9298,192.813,4.1436,3.8154,3.8154,4.1436
20210723.09,121.793,32.0069,5.1507,-6.795,-3.1556,0.82804,3.8151,185,25.089,193.329,4.1436,3.8151,3.8151,4.1436
20210723.1,121.793,32.0069,5.1507,-6.8447,-2.6477,0.8096,3.8134,185,25.2037,193.573,4.1436,3.8134,3.8134,4.1436
20210723.11,121.793,32.0069,5.1507,-7.2187,-3.1951,0.8014,3.7723,185,25.2736,193.551,7.3171,3.7723,3.7723,7.3171
20210723.12,121.793,32.0069,5.1507,-7.23,-3.4461,0.80198,3.737,185,25.3235,193.584,7.3171,3.737,3.737,7.3171
20210723.13,121.793,32.0069,5.1507,-7.222,-3.6297,0.80639,3.7074,185,25.4357,193.803,7.3171,3.7074,3.7074,7.3171
20210723.14,121.793,32.0069,5.1507,-7.7606,-3.4821,0.8162,3.6917,185,25.4753,193.667,7.3171,3.6918,3.6918,7.3171
20210723.15,121.793,32.0069,5.1507,-8.7176,-2.8102,0.84198,3.6609,185,25.4157,192.967,3.769,3.6609,3.6609,3.769
20210723.16,121.793,32.0069,5.1507,-8.6468,-2.7212,0.86904,3.683,185,25.2339,191.95,3.769,3.683,3.683,3.769
20210723.17,121.793,32.0069,5.1507,-8.2814,-3.3412,0.88517,3.7302,185,25.0663,191.313,3.769,3.7302,3.7302,3.769
20210723.18,121.793,32.0069,5.1507,-8.1465,-4.0446,0.89663,3.7859,185,25.1573,191.393,3.769,3.7859,3.7859,3.769
20210723.19,121.793,32.0069,5.1507,-8.5933,-4.1661,0.91243,3.8165,185,25.1582,191.552,4.1436,3.8165,3.8165,4.1436
20210723.2,121.793,32.0069,5.1507,-9.1514,-4.5969,0.9388,3.8301,185,25.2764,191.805,4.1436,3.8301,3.8301,4.1436
20210723.21,121.793,32.0069,5.1507,-9.4992,-4.4038,0.97287,3.8475,185,25.2647,192.202,4.1436,3.8475,3.8475,4.1436
20210723.22,121.793,32.0069,5.1507,-9.2656,-3.7707,0.99717,3.904,185,25.2301,192.276,4.1436,3.904,3.904,4.1436
20210723.23,121.793,32.0069,5.1507,-10.2411,-3.3952,1.02277,3.9455,185,24.9687,191.953,4.1436,3.9455,3.9455,4.1436
20210724,121.793,32.0069,5.1507,-9.9621,-3.2577,1.05347,4.0015,185,24.8915,191.667,4.1436,4.0015,4.0015,4.1436
20210724.01,121.793,32.0069,5.1507,-10.0102,-3.0602,1.0741,4.0673,185,24.6748,191.433,4.5556,4.0673,4.0673,4.5556
20210724.02,121.793,32.0069,5.1507,-10.1822,-2.9527,1.09389,4.1287,185,24.4868,191.253,4.5556,4.1287,4.1287,4.5556
20210724.03,121.793,32.0069,5.1507,-9.6444,-3.0497,1.11105,4.2037,185,24.2201,191.164,4.5556,4.2038,4.2038,4.5556
20210724.04,121.793,32.0069,5.1507,-8.78,-3.6222,1.11208,4.287,185,23.9106,191.439,4.5556,4.287,4.287,4.5556
20210724.05,121.793,32.0069,5.1507,-8.9997,-4.2793,1.10305,4.3309,185,23.8212,192.002,4.5556,4.3309,4.3309,4.5556
20210724.06,121.793,32.0069,5.1507,-9.2515,-4.3191,1.10273,4.3283,185,23.8827,192.562,4.5556,4.3283,4.3283,4.5556
20210724.07,121.793,32.0069,5.1507,-9.2441,-4.8234,1.10456,4.3127,185,24.0739,193.211,4.5556,4.3127,4.3127,4.5556
20210724.08,121.793,32.0069,5.1507,-9.6063,-4.9694,1.1107,4.2804,185,24.334,194.045,4.5556,4.2804,4.2804,4.5556
20210724.09,121.793,32.0069,5.1507,-9.6435,-4.5177,1.12253,4.2656,185,24.5344,194.545,4.5556,4.2656,4.2656,4.5556
20210724.1,121.793,32.0069,5.1507,-9.0183,-4.707,1.1274,4.2826,185,24.5695,194.888,4.5556,4.2826,4.2826,4.5556
20210724.11,121.793,32.0069,5.1507,-10.2668,-4.9012,1.13717,4.2773,185,24.6612,195.047,4.5556,4.2773,4.2773,4.5556
20210724.12,121.793,32.0069,5.1507,-9.8831,-5.2566,1.1667,4.2893,185,24.7532,195.124,4.5556,4.2893,4.2893,4.5556
20210724.13,121.793,32.0069,5.1507,-9.7283,-5.8763,1.18494,4.3277,185,24.9013,195.479,4.5556,4.3277,4.3277,4.5556
20210724.14,121.793,32.0069,5.1507,-9.4063,-6.2381,1.19987,4.3657,185,25.1333,196.143,4.5556,4.3657,4.3657,4.5556
20210724.15,121.793,32.0069,5.1507,-9.4298,-6.6961,1.21381,4.3933,185,25.4358,196.931,4.5556,4.3933,4.3933,4.5556
20210724.16,121.793,32.0069,5.1507,-9.6792,-7.3334,1.23297,4.3987,185,25.8537,197.931,4.5556,4.3987,4.3987,4.5556
20210724.17,121.793,32.0069,5.1507,-9.8658,-8.0541,1.25672,4.3915,185,26.2809,199.102,4.5556,4.3915,4.3915,4.5556
20210724.18,121.793,32.0069,5.1507,-10.2899,-8.4173,1.28489,4.3717,185,26.7576,200.461,5.0084,4.3717,4.3717,5.0084
20210724.19,121.793,32.0069,5.1507,-10.3619,-9.1143,1.31506,4.3518,185,27.2485,201.861,5.0084,4.3518,4.3518,5.0084
20210724.2,121.793,32.0069,5.1507,-10.1306,-9.6521,1.33916,4.3522,185,27.8076,203.188,5.0084,4.3522,4.3522,5.0084
20210724.21,121.793,32.0069,5.1507,-10.8264,-10.7209,1.37053,4.356,185,28.3541,204.411,5.0084,4.356,4.356,5.0084
20210724.22,121.793,32.0069,5.1507,-12.594,-9.7791,1.41862,4.3709,185,28.5599,204.942,5.0084,4.3709,4.3709,5.0084
20210724.23,121.793,32.0069,5.1507,-12.1549,-10.4162,1.46629,4.4239,185,28.8029,205.158,5.0084,4.4239,4.4239,5.0084
20210725,121.793,32.0069,5.1507,-12.8311,-9.4573,1.50623,4.4856,185,28.8982,205.283,5.0084,4.4856,4.4856,5.0084
20210725.01,121.793,32.0069,5.1507,-14.4657,-9.4489,1.56037,4.5417,185,28.9114,205.067,5.0084,4.5417,4.5417,5.0084
20210725.02,121.793,32.0069,5.1507,-15.3149,-8.3808,1.61699,4.6126,185,28.843,204.361,5.0084,4.6126,4.6126,5.0084
20210725.03,121.793,32.0069,5.1507,-15.3895,-7.2715,1.66195,4.7078,185,28.6892,203.538,5.0084,4.7078,4.7078,5.0084
20210725.04,121.793,32.0069,5.1507,-15.6734,-6.6697,1.7013,4.8011,185,28.4956,202.688,5.0084,4.8011,4.8011,5.0084
20210725.05,121.793,32.0069,5.1507,-15.4919,-6.3621,1.73452,4.8932,185,28.2905,202.015,5.5063,4.8932,4.8932,5.5063
20210725.06,121.793,32.0069,5.1507,-14.662,-6.3708,1.75515,4.9999,185,27.9943,201.362,5.5063,4.9999,4.9999,5.5063
20210725.07,121.793,32.0069,5.1507,-14.9631,-6.2647,1.77814,5.0949,185,27.622,200.762,5.5063,5.0949,5.0949,5.5063
20210725.08,121.793,32.0069,5.1507,-15.1777,-6.8709,1.80283,5.1762,185,27.2455,200.181,5.5063,5.1762,5.1762,5.5063
20210725.09,121.793,32.0069,5.1507,-15.2962,-7.406,1.82443,5.2512,185,26.8889,199.639,5.5063,5.2512,5.2512,5.5063
20210725.1,121.793,32.0069,5.1507,-16.3383,-7.0402,1.84697,5.3148,185,26.514,198.983,5.5063,5.3148,5.3148,5.5063
20210725.11,121.793,32.0069,5.1507,-15.7614,-7.4639,1.8604,5.3873,185,26.1786,198.479,6.0537,5.3873,5.3873,6.0537
20210725.12,121.793,32.0069,5.1507,-16.1014,-7.2842,1.87265,5.4543,185,25.8495,197.998,6.0537,5.4543,5.4543,6.0537
20210725.13,121.793,32.0069,5.1507,-17.061,-5.3924,1.88529,5.5186,185,25.4912,197.357,6.0537,5.5186,5.5186,6.0537
20210725.14,121.793,32.0069,5.1507,-16.3403,-4.5229,1.89054,5.597,185,25.1226,196.737,6.0537,5.597,5.597,6.0537
20210725.15,121.793,32.0069,5.1507,-15.9284,-3.861,1.89479,5.6795,185,24.7193,196.072,6.0537,5.6795,5.6795,6.0537
20210725.16,121.793,32.0069,5.1507,-15.9091,-2.6533,1.90081,5.7666,185,24.2595,195.305,6.6554,5.7666,5.7666,6.6554
20210725.17,121.793,32.0069,5.1507,-16.5677,-1.6292,1.91094,5.8491,185,23.7518,194.47,6.6554,5.8491,5.8491,6.6554
20210725.18,121.793,32.0069,5.1507,-16.7191,-0.9715,1.91883,5.9313,185,23.2275,193.691,6.6554,5.9313,5.9313,6.6554
20210725.19,121.793,32.0069,5.1507,-16.4801,-1.4651,1.92319,6.0116,185,22.7088,193.071,6.6554,6.0116,6.0116,6.6554
20210725.2,121.793,32.0069,5.1507,-16.018,-1.4435,1.92432,6.0894,185,22.2079,192.573,6.6554,6.0894,6.0894,6.6554
20210725.21,121.793,32.0069,5.1507,-16.1228,-0.8145,1.92667,6.1535,185,21.7374,192.126,6.6554,6.1535,6.1535,6.6554
20210725.22,121.793,32.0069,5.1507,-16.3307,1.4021,1.92913,6.2031,185,21.3266,191.651,7.3171,6.2031,6.2031,7.3171
20210725.23,121.793,32.0069,5.1507,-16.1265,1.1093,1.92998,6.2477,185,20.9595,191.285,8.0444,6.2477,6.2477,8.0444
20210726,121.793,32.0069,5.1507,-16.3118,1.5662,1.93176,6.2768,185,20.6519,190.921,8.8441,6.2768,6.2768,8.8441
20210726.01,121.793,32.0069,5.1507,-16.3402,2.3527,1.93269,6.2953,185,20.4059,190.547,8.8441,6.2953,6.2953,8.8441
20210726.02,121.793,32.0069,5.1507,-16.1425,3.3511,1.93216,6.3078,185,20.213,190.165,8.8441,6.3078,6.3078,8.8441
20210726.03,121.793,32.0069,5.1507,-15.6004,4.7281,1.92976,6.3208,185,20.0637,189.769,8.8441,6.3208,6.3208,8.8441
20210726.04,121.793,32.0069,5.1507,-14.7919,5.2546,1.92604,6.3451,185,19.9177,189.413,8.8441,6.3451,6.3451,8.8441
20210726.05,121.793,32.0069,5.1507,-14.4343,5.7919,1.92449,6.3717,185,19.7765,189.066,8.8441,6.3717,6.3717,8.8441
20210726.06,121.793,32.0069,5.1507,-14.2162,7.0964,1.92443,6.3951,185,19.6748,188.704,8.8441,6.3951,6.3951,8.8441
20210726.07,121.793,32.0069,5.1507,-13.3877,7.5174,1.9205,6.4309,185,19.5785,188.441,8.8441,6.4309,6.4309,8.8441
20210726.08,121.793,32.0069,5.1507,-12.7202,6.6875,1.91413,6.4717,185,19.4601,188.305,8.8441,6.4717,6.4717,8.8441
20210726.09,121.793,32.0069,5.1507,-13.1435,6.4875,1.91095,6.4825,185,19.396,188.165,8.8441,6.4825,6.4825,8.8441
20210726.1,121.793,32.0069,5.1507,-14.1374,6.0562,1.91094,6.4585,185,19.4011,187.995,8.8441,6.4585,6.4585,8.8441
20210726.11,121.793,32.0069,5.1507,-14.4345,6.099,1.90968,6.4208,185,19.4583,187.782,8.8441,6.4208,6.4208,8.8441
20210726.12,121.793,32.0069,5.1507,-13.5397,6.0229,1.90232,6.3979,185,19.4955,187.607,8.8441,6.3979,6.3979,8.8441
20210726.13,121.793,32.0069,5.1507,-12.4595,5.3295,1.89061,6.3928,185,19.4722,187.529,8.0444,6.3928,6.3928,8.0444
20210726.14,121.793,32.0069,5.1507,-12.9087,6.5057,1.88561,6.3594,185,19.5188,187.354,8.0444,6.3594,6.3594,8.0444
20210726.15,121.793,32.0069,5.1507,-12.4698,7.2689,1.87834,6.3341,185,19.6013,187.2,8.0444,6.3341,6.3341,8.0444
20210726.16,121.793,32.0069,5.1507,-12.4284,7.3772,1.87028,6.3048,185,19.711,187.044,8.0444,6.3047,6.3047,8.0444
20210726.17,121.793,32.0069,5.1507,-13.1388,7.3939,1.86555,6.251,185,19.8781,186.792,8.0444,6.251,6.251,8.0444
20210726.18,121.793,32.0069,5.1507,-13.5467,7.9225,1.8637,6.1826,185,20.0919,186.417,8.0444,6.1826,6.1826,8.0444
20210726.19,121.793,32.0069,5.1507,-12.4219,8.3269,1.85552,6.1448,185,20.2398,186.102,8.0444,6.1448,6.1448,8.0444
20210726.2,121.793,32.0069,5.1507,-11.241,9.6211,1.84346,6.1175,185,20.413,185.824,8.0444,6.1175,6.1175,8.0444
20210726.21,121.793,32.0069,5.1507,-10.4393,10.4237,1.8299,6.0986,185,20.6358,185.603,8.0444,6.0986,6.0986,8.0444
20210726.22,121.793,32.0069,5.1507,-7.634,11.1662,1.80467,6.1219,185,20.8525,185.646,8.0444,6.1219,6.1219,8.0444
20210726.23,121.793,32.0069,5.1507,-9.2956,9.5671,1.78647,6.1161,185,21.0561,185.611,8.0444,6.1161,6.1161,8.0444
20210727,121.793,32.0069,5.1507,-10.3819,8.6287,1.77228,6.0807,185,21.2945,185.369,8.0444,6.0807,6.0807,8.0444
20210727.01,121.793,32.0069,5.1507,-11.1557,8.0548,1.75874,6.0088,185,21.5647,184.852,8.0444,6.0088,6.0088,8.0444
20210727.02,121.793,32.0069,5.1507,-10.8548,7.8116,1.7402,5.931,185,21.7716,184.248,7.3171,5.931,5.931,7.3171
20210727.03,121.793,32.0069,5.1507,-10.6843,8.9881,1.72308,5.8317,185,22.0919,183.461,7.3171,5.8317,5.8317,7.3171
20210727.04,121.793,32.0069,5.1507,-9.6057,9.1178,1.70181,5.7718,185,22.3028,182.879,7.3171,5.7718,5.7718,7.3171
20210727.05,121.793,32.0069,5.1507,-9.0204,9.199,1.67838,5.7437,185,22.4834,182.561,7.3171,5.7437,5.7437,7.3171
20210727.06,121.793,32.0069,5.1507,-9.6802,9.5374,1.66905,5.71,185,22.7545,182.215,7.3171,5.71,5.71,7.3171
20210727.07,121.793,32.0069,5.1507,-10.0756,8.1514,1.668,5.7003,185,22.7357,182.13,7.3171,5.7003,5.7003,7.3171
20210727.08,121.793,32.0069,5.1507,-10.3976,7.7181,1.66547,5.6845,185,22.7472,182.189,7.3171,5.6845,5.6845,7.3171
20210727.09,121.793,32.0069,5.1507,-10.6938,7.3963,1.66142,5.6576,185,22.7614,182.254,7.3171,5.6576,5.6576,7.3171
20210727.1,121.793,32.0069,5.1507,-10.9212,6.7636,1.65684,5.6214,185,22.7259,182.34,7.3171,5.6214,5.6214,7.3171
20210727.11,121.793,32.0069,5.1507,-11.088,6.5991,1.65302,5.5867,185,22.6448,182.414,7.3171,5.5867,5.5867,7.3171
20210727.12,121.793,32.0069,5.1507,-11.1156,6.843,1.6511,5.5499,185,22.5929,182.441,7.3171,5.5499,5.5499,7.3171
20210727.13,121.793,32.0069,5.1507,-10.5504,7.3436,1.64612,5.5305,185,22.5443,182.511,7.3171,5.5305,5.5305,7.3171
20210727.14,121.793,32.0069,5.1507,-10.3069,7.5963,1.63719,5.5216,185,22.5838,182.664,7.3171,5.5217,5.5217,7.3171
20210727.15,121.793,32.0069,5.1507,-10.2167,7.6014,1.62902,5.5217,185,22.6221,182.908,7.3171,5.5217,5.5217,7.3171
20210727.16,121.793,32.0069,5.1507,-10.0941,7.3583,1.61672,5.5166,185,22.7181,183.196,7.3171,5.5166,5.5166,7.3171
20210727.17,121.793,32.0069,5.1507,-9.8303,7.4029,1.59579,5.5031,185,22.8471,183.447,7.3171,5.5031,5.5031,7.3171
20210727.18,121.793,32.0069,5.1507,-9.431,7.8558,1.56762,5.4619,185,23.1363,183.463,7.3171,5.4619,5.4619,7.3171
20210727.19,121.793,32.0069,5.1507,-8.9824,8.3667,1.53355,5.4113,185,23.4416,183.294,6.6554,5.4113,5.4113,6.6554
20210727.2,121.793,32.0069,5.1507,-8.7406,8.2744,1.49579,5.3511,185,23.7614,183.03,6.6554,5.3511,5.3511,6.6554
20210727.21,121.793,32.0069,5.1507,-8.699,8.1172,1.45936,5.2887,185,24.0177,182.655,6.6554,5.2887,5.2887,6.6554
20210727.22,121.793,32.0069,5.1507,-8.5645,7.399,1.42293,5.2275,185,24.1527,182.38,6.6554,5.2275,5.2275,6.6554
20210727.23,121.793,32.0069,5.1507,-8.2024,7.9413,1.38765,5.1621,185,24.4336,181.962,6.6554,5.162,5.162,6.6554
20210728,121.793,32.0069,5.1507,-8.1622,7.5923,1.35651,5.0998,185,24.6392,181.642,6.6554,5.0998,5.0998,6.6554
20210728.01,121.793,32.0069,5.1507,-8.2948,6.7104,1.33148,5.0621,185,24.7128,181.682,6.6554,5.0621,5.0621,6.6554
20210728.02,121.793,32.0069,5.1507,-8.5012,6.885,1.31948,5.0277,185,24.895,181.867,6.6554,5.0277,5.0277,6.6554
20210728.03,121.793,32.0069,5.1507,-8.167,7.0529,1.31133,5.0012,185,25.1129,182.083,6.6554,5.0012,5.0012,6.6554
20210728.04,121.793,32.0069,5.1507,-7.5226,7.6024,1.29537,4.9786,185,25.4608,182.375,6.6554,4.9787,4.9787,6.6554
20210728.05,121.793,32.0069,5.1507,-7.4745,7.7228,1.27554,4.952,185,25.8611,182.487,6.6554,4.952,4.952,6.6554
20210728.06,121.793,32.0069,5.1507,-7.6438,7.7572,1.25871,4.9065,185,26.1962,182.374,6.6554,4.9065,4.9065,6.6554
20210728.07,121.793,32.0069,5.1507,-7.7543,7.6853,1.24455,4.8581,185,26.4962,182.07,6.6554,4.8581,4.8581,6.6554
20210728.08,121.793,32.0069,5.1507,-7.8212,7.071,1.22692,4.8143,185,26.6196,181.923,6.0537,4.8143,4.8143,6.0537
20210728.09,121.793,32.0069,5.1507,-7.1155,7.473,1.20395,4.781,185,26.8584,181.769,6.0537,4.781,4.781,6.0537
20210728.1,121.793,32.0069,5.1507,-6.8537,6.773,1.17217,4.7606,185,26.9249,181.934,6.0537,4.7606,4.7606,6.0537
20210728.11,121.793,32.0069,5.1507,-7.145,6.5546,1.14473,4.7261,185,27.0847,181.895,6.0537,4.7261,4.7261,6.0537
20210728.12,121.793,32.0069,5.1507,-7.0259,6.7277,1.12395,4.6762,185,27.2238,181.728,6.0537,4.6762,4.6762,6.0537
20210728.13,121.793,32.0069,5.1507,-6.4236,7.5278,1.10404,4.6288,185,27.6195,181.396,6.0537,4.6288,4.6288,6.0537
20210728.14,121.793,32.0069,5.1507,-6.1281,7.4542,1.08038,4.5892,185,27.9218,181.261,6.0537,4.5892,4.5892,6.0537
20210728.15,121.793,32.0069,5.1507,-5.6389,7.777,1.05741,4.5486,185,28.2844,180.92,6.0537,4.5486,4.5486,6.0537
20210728.16,121.793,32.0069,5.1507,-5.5508,8.2975,1.03823,4.4861,185,28.7391,180.263,6.0537,4.4861,4.4861,6.0537
20210728.17,121.793,32.0069,5.1507,-5.6721,8.3863,1.02717,4.4067,185,29.1957,179.116,6.0537,4.4067,4.4067,6.0537
20210728.18,121.793,32.0069,5.1507,-5.667,8.4528,1.01914,4.322,185,29.594,177.919,6.0537,4.322,4.322,6.0537
20210728.19,121.793,32.0069,5.1507,-5.4292,8.5261,1.00966,4.2665,185,29.8896,176.872,6.0537,4.2665,4.2665,6.0537
20210728.2,121.793,32.0069,5.1507,-5.147,8.4719,0.99489,4.2313,185,30.0238,176.25,6.0537,4.2313,4.2313,6.0537
20210728.21,121.793,32.0069,5.1507,-4.534,8.4608,0.97626,4.2101,185,30.1913,175.781,6.0537,4.2101,4.2101,6.0537
20210728.22,121.793,32.0069,5.1507,-4.0543,7.4336,0.94567,4.2236,185,30.0499,176.25,5.5063,4.2236,4.2236,5.5063
20210728.23,121.793,32.0069,5.1507,-4.0133,7.9237,0.91984,4.1953,185,30.3207,176.123,5.5063,4.1953,4.1953,5.5063
20210729,121.793,32.0069,5.1507,-3.7022,8.7056,0.90677,4.1217,185,30.8068,175.138,5.5063,4.1217,4.1217,5.5063
20210729.01,121.793,32.0069,5.1507,-3.2344,8.4894,0.88794,4.0818,185,31.0757,174.714,5.5063,4.0818,4.0818,5.5063
20210729.02,121.793,32.0069,5.1507,-2.7785,8.5168,0.8669,4.0441,185,31.4436,174.372,5.5063,4.0441,4.0441,5.5063
20210729.03,121.793,32.0069,5.1507,-2.7106,8.1416,0.84481,4.0117,185,31.5714,174.137,5.5063,4.0117,4.0117,5.5063
20210729.04,121.793,32.0069,5.1507,-2.9302,7.8223,0.82399,3.9658,185,31.6467,173.481,5.5063,3.9658,3.9658,5.5063
20210729.05,121.793,32.0069,5.1507,-2.9797,7.3643,0.80006,3.9114,185,31.4862,172.713,5.5063,3.9114,3.9114,5.5063
20210729.06,121.793,32.0069,5.1507,-2.6794,7.156,0.77235,3.8689,185,31.2855,171.812,5.5063,3.8689,3.8689,5.5063
20210729.07,121.793,32.0069,5.1507,-2.2476,6.7328,0.73884,3.83,185,30.879,171.237,5.5063,3.83,3.83,5.5063
20210729.08,121.793,32.0069,5.1507,-2.2458,6.0884,0.70276,3.81,185,30.3027,170.811,5.5063,3.81,3.81,5.5063
20210729.09,121.793,32.0069,5.1507,-0.941,6.2235,0.66352,3.7704,185,30.1428,170.63,5.5063,3.7704,3.7704,5.5063
20210729.1,121.793,32.0069,5.1507,-0.2787,5.2838,0.6196,3.8006,185,29.595,171.363,5.5063,3.8006,3.8006,5.5063
20210729.11,121.793,32.0069,5.1507,-0.3212,5.0787,0.58198,3.7905,185,29.2333,171.851,5.5063,3.7905,3.7905,5.5063
20210729.12,121.793,32.0069,5.1507,-0.133,5.0932,0.55221,3.7155,185,29.4298,171.841,5.0084,3.7155,3.7155,5.0084
20210729.13,121.793,32.0069,5.1507,0.1292,4.6922,0.52437,3.6745,185,29.3781,172.375,5.0084,3.6745,3.6745,5.0084
20210729.14,121.793,32.0069,5.1507,0.759,4.1138,0.49897,3.6818,185,29.0923,173.363,5.0084,3.6818,3.6818,5.0084
20210729.15,121.793,32.0069,5.1507,1.6039,3.3101,0.47719,3.7154,185,28.5615,174.462,5.0084,3.7154,3.7154,5.0084
20210729.16,121.793,32.0069,5.1507,2.4225,2.3771,0.45727,3.7807,185,27.7329,175.604,5.0084,3.7807,3.7807,5.0084
20210729.17,121.793,32.0069,5.1507,2.9554,1.3056,0.43746,3.8712,185,26.5445,176.737,5.0084,3.8712,3.8712,5.0084
20210729.18,121.793,32.0069,5.1507,3.0634,0.6393,0.41774,3.9645,185,25.2184,177.718,5.0084,3.9645,3.9645,5.0084
20210729.19,121.793,32.0069,5.1507,3.1697,0.3411,0.39838,4.0565,185,23.8528,178.532,5.0084,4.0565,4.0565,5.0084
20210729.2,121.793,32.0069,5.1507,3.1945,0.1411,0.38013,4.1306,185,22.6614,179.157,5.0084,4.1306,4.1306,5.0084
20210729.21,121.793,32.0069,5.1507,3.2755,0.1095,0.36412,4.144,185,22.1404,179.6,5.0084,4.144,4.144,5.0084
20210729.22,121.793,32.0069,5.1507,2.8355,0.407,0.3507,4.1337,185,21.8008,179.958,5.0084,4.1337,4.1337,5.0084
20210729.23,121.793,32.0069,5.1507,2.7273,0.4476,0.34022,4.085,185,21.9756,180.294,5.0084,4.085,4.085,5.0084
20210730,121.793,32.0069,5.1507,2.7163,0.3257,0.33202,3.9917,185,22.9218,180.676,5.0084,3.9917,3.9917,5.0084
20210730.01,121.793,32.0069,5.1507,2.5544,0.6448,0.325,3.8523,185,24.7584,181.151,5.0084,3.8523,3.8523,5.0084
20210730.02,121.793,32.0069,5.1507,2.4379,0.9488,0.31846,3.6556,175,27.7115,181.788,5.0084,3.6556,3.6556,5.0084
20210730.03,121.793,32.0069,5.1507,2.2292,1.2006,0.31211,3.4077,175,31.6893,182.625,5.0084,3.4077,3.4077,5.0084
20210730.04,121.793,32.0069,5.1507,1.829,1.6079,0.30511,3.1802,175,35.7601,183.555,5.0084,3.1802,3.1802,5.0084
20210730.05,121.793,32.0069,5.1507,1.4243,1.8591,0.297,3.0064,175,39.3155,184.3,5.0084,3.0064,3.0064,5.0084
20210730.06,121.793,32.0069,5.1507,0.9961,1.7185,0.28677,2.9419,175,41.2443,184.716,5.0084,2.9419,2.9419,5.0084
20210730.07,121.793,32.0069,5.1507,0.2993,1.8693,0.27525,2.9373,175,41.8512,184.351,5.0084,2.9373,2.9373,5.0084
20210730.08,121.793,32.0069,5.1507,-0.5935,2.2499,0.26425,2.924,175,41.4169,182.899,5.0084,2.924,2.924,5.0084
20210730.09,121.793,32.0069,5.1507,-1.184,2.8257,0.25592,2.8456,175,40.9049,180.471,5.0084,2.8456,2.8456,5.0084
20210730.1,121.793,32.0069,5.1507,-2.0967,2.5931,0.25022,2.7245,175,40.478,177.592,5.0084,2.7245,2.7245,5.0084
20210730.11,121.793,32.0069,5.1507,-2.1408,3.4102,0.2479,2.5526,175,40.0696,173.724,5.0084,2.5526,2.5526,5.0084
20210730.12,121.793,32.0069,5.1507,-1.8411,3.9885,0.24882,2.3644,175,39.7406,169.276,5.0084,2.3644,2.3644,5.0084
20210730.13,121.793,32.0069,5.1507,-1.2345,4.257,0.25151,2.2251,175,39.3043,164.614,5.0084,2.2251,2.2251,5.0084
20210730.14,121.793,32.0069,5.1507,-0.8699,4.3291,0.25597,2.1098,175,38.8948,160.127,5.0084,2.1098,2.1098,5.0084
20210730.15,121.793,32.0069,5.1507,-0.5066,4.352,0.26154,2.0288,175,38.5091,156.167,5.0084,2.0288,2.0288,5.0084
20210730.16,121.793,32.0069,5.1507,-0.401,3.7143,0.26561,2.0038,175,37.4573,154.066,5.0084,2.0038,2.0038,5.0084
20210730.17,121.793,32.0069,5.1507,-0.6115,2.9599,0.26403,2.0177,175,35.8041,154.147,5.0084,2.0177,2.0177,5.0084
20210730.18,121.793,32.0069,5.1507,-0.6895,2.5558,0.25875,2.0424,175,34.3344,154.986,5.0084,2.0424,2.0424,5.0084
20210730.19,121.793,32.0069,5.1507,-0.723,1.7271,0.24907,2.1003,175,33.1083,156.484,5.0084,2.1003,2.1003,5.0084
20210730.2,121.793,32.0069,5.1507,-1.1082,0.719,0.23708,2.1577,175,31.9325,158.283,5.0084,2.1577,2.1577,5.0084
20210730.21,121.793,32.0069,5.1507,-1.5635,0.0161,0.22321,2.232,175,30.6637,160.392,4.5556,2.232,2.232,4.5556
20210730.22,121.793,32.0069,5.1507,-1.7497,-0.3642,0.20979,2.292,175,29.5985,162.449,4.5556,2.292,2.292,4.5556
20210730.23,121.793,32.0069,5.1507,-1.7687,-1.7795,0.19824,2.3227,175,28.965,164.464,4.5556,2.3227,2.3227,4.5556
20210731,121.793,32.0069,5.1507,-1.8427,-2.5641,0.18927,2.3103,175,29.0126,166.794,4.5556,2.3103,2.3103,4.5556
20210731.01,121.793,32.0069,5.1507,-2.8494,-2.987,0.18561,2.2002,175,29.9436,170.068,4.1436,2.2002,2.2002,4.1436
20210731.02,121.793,32.0069,5.1507,-3.3093,-2.1295,0.18931,2.0092,175,31.0912,173.578,4.1436,2.0092,2.0092,4.1436
20210731.03,121.793,32.0069,5.1507,-3.4158,-2.0699,0.19929,1.8623,175,31.7614,176.21,4.1436,1.8623,1.8623,4.1436
20210731.04,121.793,32.0069,5.1507,-3.355,-1.9975,0.20969,1.8395,175,31.835,177.951,3.769,1.8395,1.8395,3.769
20210731.05,121.793,32.0069,5.1507,-3.4848,-1.3219,0.21842,1.8514,175,30.9693,180.009,3.769,1.8514,1.8514,3.769
20210731.06,121.793,32.0069,5.1507,-3.116,-0.3424,0.22346,1.8795,175,30.3004,180.712,3.769,1.8795,1.8795,3.769
20210731.07,121.793,32.0069,5.1507,-3.2567,-0.5139,0.22667,1.888,175,29.8814,181.717,3.4282,1.888,1.888,3.4282
20210731.08,121.793,32.0069,5.1507,-2.9574,0.1577,0.22532,1.9229,175,29.2959,181.758,3.4282,1.9229,1.9229,3.4282
20210731.09,121.793,32.0069,5.1507,-2.4773,0.5262,0.22025,1.9737,175,29.3553,181.908,3.4282,1.9737,1.9737,3.4282
20210731.1,121.793,32.0069,5.1507,-2.6547,0.4198,0.2153,1.9998,175,29.143,181.94,3.4282,1.9998,1.9998,3.4282
20210731.11,121.793,32.0069,5.1507,-2.9015,1.9533,0.21701,1.9633,175,29.0769,179.301,3.4282,1.9633,1.9633,3.4282
20210731.12,121.793,32.0069,5.1507,-2.7235,4.1904,0.22435,1.9129,175,29.3398,174.567,3.4282,1.9129,1.9129,3.4282
20210731.13,121.793,32.0069,5.1507,-1.7654,4.9644,0.22895,1.8858,175,30.2181,170.163,3.4282,1.8858,1.8858,3.4282
20210731.14,121.793,32.0069,5.1507,-0.7595,5.1422,0.22854,1.8685,175,31.8173,165.934,2.1344,1.8685,1.8685,2.1344
20210731.15,121.793,32.0069,5.1507,-0.2102,4.8371,0.22144,1.8355,175,33.9214,161.819,2.1344,1.8355,1.8355,2.1344
20210731.16,121.793,32.0069,5.1507,-0.1015,4.2418,0.21199,1.7993,175,35.4156,158.117,2.3465,1.7993,1.7993,2.3465
20210731.17,121.793,32.0069,5.1507,-0.0898,3.9661,0.20476,1.7747,175,36.2212,154.192,2.3465,1.7747,1.7747,2.3465
20210731.18,121.793,32.0069,5.1507,-0.3614,3.7609,0.20002,1.7605,175,35.8937,150.751,2.3465,1.7605,1.7605,2.3465
20210731.19,121.793,32.0069,5.1507,-0.5699,3.3383,0.19288,1.7596,175,34.3807,149.374,2.3465,1.7596,1.7596,2.3465
20210731.2,121.793,32.0069,5.1507,-0.5452,4.0062,0.19541,1.7127,135,33.7907,144.478,2.5798,1.7127,1.7127,2.5798
20210731.21,121.793,32.0069,5.1507,-0.3472,4.1063,0.1987,1.6889,135,32.3936,140.928,2.5798,1.6889,1.6889,2.5798
20210731.22,121.793,32.0069,5.1507,0.06,2.8951,0.18965,1.7416,145,30.3268,141.195,2.5798,1.7416,1.7416,2.5798
20210731.23,121.793,32.0069,5.1507,-0.1708,2.3356,0.1789,1.8024,145,27.547,141.658,2.8363,1.8024,1.8024,2.8363
20210715,121.796,32.0089,5.0816,-0.8874,7.6925,0.01833,1.6134,95,31.5042,96.574,1.9414,1.6134,1.6134,1.9414
20210715.01,121.796,32.0089,5.0816,-1.4896,7.3909,0.06498,1.2399,85,28.4466,98.237,1.9414,1.2399,1.2399,1.9414
20210715.02,121.796,32.0089,5.0816,-2.4255,7.3179,0.10526,1.2832,115,30.3461,105.926,1.9414,1.2832,1.2832,1.9414
20210715.03,121.796,32.0089,5.0816,-2.9439,7.734,0.14466,1.3546,125,31.1232,111.989,1.9414,1.3546,1.3546,1.9414
20210715.04,121.796,32.0089,5.0816,-2.8367,8.0473,0.18494,1.4324,125,31.2817,117.04,1.9414,1.4324,1.4324,1.9414
20210715.05,121.796,32.0089,5.0816,-2.9581,8.0795,0.22315,1.5373,125,30.3392,122.112,1.9414,1.5373,1.5373,1.9414
20210715.06,121.796,32.0089,5.0816,-3.0122,8.0313,0.25956,1.6649,125,28.7519,126.067,2.1344,1.6649,1.6649,2.1344
20210715.07,121.796,32.0089,5.0816,-2.844,7.8247,0.2938,1.7864,125,27.1974,128.336,2.5798,1.7864,1.7864,2.5798
20210715.08,121.796,32.0089,5.0816,-2.782,7.4364,0.32401,1.9183,125,25.8387,130.16,2.5798,1.9183,1.9183,2.5798
20210715.09,121.796,32.0089,5.0816,-3.1146,7.0013,0.35211,2.0356,125,24.5431,132.317,2.8363,2.0356,2.0356,2.8363
20210715.1,121.796,32.0089,5.0816,-2.8538,6.015,0.36756,2.1504,125,23.5097,134.291,2.8363,2.1504,2.1504,2.8363
20210715.11,121.796,32.0089,5.0816,-3.7005,6.6888,0.39649,2.2224,135,22.8709,135.389,3.1182,2.2224,2.2224,3.1182
20210715.12,121.796,32.0089,5.0816,-4.3458,7.3607,0.44192,2.3054,145,22.5452,136.841,3.1182,2.3054,2.3054,3.1182
20210715.13,121.796,32.0089,5.0816,-5.1764,7.6897,0.48998,2.4077,145,22.4051,138.631,3.1182,2.4077,2.4077,3.1182
20210715.14,121.796,32.0089,5.0816,-4.7969,7.8979,0.52603,2.5208,145,22.564,140.022,3.1182,2.5208,2.5208,3.1182
20210715.15,121.796,32.0089,5.0816,-4.2318,7.8234,0.54631,2.6312,145,22.5856,140.897,3.1182,2.6312,2.6312,3.1182
20210715.16,121.796,32.0089,5.0816,-3.4502,7.9094,0.55686,2.727,155,22.7044,141.44,3.4282,2.727,2.727,3.4282
20210715.17,121.796,32.0089,5.0816,-3.0707,7.7981,0.56329,2.7993,155,22.7326,141.925,3.4282,2.7993,2.7993,3.4282
20210715.18,121.796,32.0089,5.0816,-2.9122,7.5158,0.56435,2.8518,155,22.8012,142.621,3.4282,2.8518,2.8518,3.4282
20210715.19,121.796,32.0089,5.0816,-3.1464,7.5793,0.57073,2.8664,145,22.8091,142.813,3.4282,2.8664,2.8664,3.4282
20210715.2,121.796,32.0089,5.0816,-3.1887,7.7462,0.5772,2.8648,145,22.9514,142.935,3.769,2.8648,2.8648,3.769
20210715.21,121.796,32.0089,5.0816,-3.0774,7.4956,0.56929,2.8719,145,23.1156,143.145,3.769,2.8719,2.8719,3.769
20210715.22,121.796,32.0089,5.0816,-2.5727,6.6688,0.5385,2.8641,145,23.3405,143.447,3.769,2.8641,2.8641,3.769
20210715.23,121.796,32.0089,5.0816,-3.5199,6.257,0.52047,2.8036,145,22.8587,143.123,3.769,2.8036,2.8036,3.769
20210716,121.796,32.0089,5.0816,-3.9625,6.0967,0.51551,2.7497,145,22.1852,142.969,3.769,2.7497,2.7497,3.769
20210716.01,121.796,32.0089,5.0816,-4.2487,6.4098,0.51837,2.7006,145,21.8009,142.46,3.4282,2.7006,2.7006,3.4282
20210716.02,121.796,32.0089,5.0816,-4.2472,6.4762,0.51986,2.6916,145,21.5341,142.238,3.4282,2.6916,2.6916,3.4282
20210716.03,121.796,32.0089,5.0816,-4.3546,6.2528,0.51645,2.6865,145,21.2899,142.293,3.4282,2.6865,2.6865,3.4282
20210716.04,121.796,32.0089,5.0816,-4.555,6.0311,0.5155,2.6862,145,21.1165,142.452,3.4282,2.6862,2.6862,3.4282
20210716.05,121.796,32.0089,5.0816,-4.5174,6.0086,0.51327,2.6837,145,21.035,142.791,3.4282,2.6837,2.6837,3.4282
20210716.06,121.796,32.0089,5.0816,-4.8607,5.6666,0.51273,2.6847,145,20.9896,143.259,3.4282,2.6847,2.6847,3.4282
20210716.07,121.796,32.0089,5.0816,-5.2274,5.5755,0.5185,2.6879,145,20.9481,143.93,3.4282,2.6879,2.6879,3.4282
20210716.08,121.796,32.0089,5.0816,-5.2911,5.7413,0.5278,2.7017,145,21.118,144.552,3.4282,2.7017,2.7017,3.4282
20210716.09,121.796,32.0089,5.0816,-4.9032,5.7605,0.52741,2.7232,145,21.3757,145.162,3.4282,2.7232,2.7232,3.4282
20210716.1,121.796,32.0089,5.0816,-3.4034,6.4334,0.51118,2.7313,145,22.1383,144.965,3.4282,2.7313,2.7313,3.4282
20210716.11,121.796,32.0089,5.0816,-3.0677,5.4067,0.47855,2.7248,145,22.658,145.3,3.4282,2.7248,2.7248,3.4282
20210716.12,121.796,32.0089,5.0816,-3.483,5.0677,0.45662,2.6844,145,22.9134,145.814,3.4282,2.6844,2.6844,3.4282
20210716.13,121.796,32.0089,5.0816,-4.258,5.0391,0.45601,2.6139,145,22.8214,146.237,3.4282,2.6139,2.6139,3.4282
20210716.14,121.796,32.0089,5.0816,-4.4403,4.9746,0.45742,2.5757,145,22.7683,146.909,3.4282,2.5757,2.5757,3.4282
20210716.15,121.796,32.0089,5.0816,-4.6145,5.2606,0.46108,2.5494,145,22.9513,146.91,3.4282,2.5494,2.5494,3.4282
20210716.16,121.796,32.0089,5.0816,-5.0391,5.5219,0.47487,2.5481,145,22.8797,146.899,3.4282,2.5481,2.5481,3.4282
20210716.17,121.796,32.0089,5.0816,-5.5745,5.8978,0.50041,2.5669,145,22.7997,147.033,3.4282,2.5669,2.5669,3.4282
20210716.18,121.796,32.0089,5.0816,-5.7946,6.3614,0.52905,2.6185,155,22.8137,147.539,3.4282,2.6185,2.6185,3.4282
20210716.19,121.796,32.0089,5.0816,-5.7877,6.7296,0.55689,2.6861,155,22.9435,148.052,3.4282,2.6861,2.6861,3.4282
20210716.2,121.796,32.0089,5.0816,-5.1761,6.7537,0.56809,2.7607,155,23.2864,148.718,3.4282,2.7607,2.7607,3.4282
20210716.21,121.796,32.0089,5.0816,-4.1262,6.6468,0.56036,2.8297,155,23.7636,149.23,3.4282,2.8297,2.8297,3.4282
20210716.22,121.796,32.0089,5.0816,-3.2838,6.0428,0.53856,2.8819,155,24.3484,149.963,3.4282,2.8819,2.8819,3.4282
20210716.23,121.796,32.0089,5.0816,-2.9966,5.4917,0.51692,2.914,155,24.7889,151.072,3.4282,2.914,2.914,3.4282
20210717,121.796,32.0089,5.0816,-3.506,5.221,0.50549,2.8949,155,24.9798,152.006,3.4282,2.8949,2.8949,3.4282
20210717.01,121.796,32.0089,5.0816,-4.3149,4.9711,0.50272,2.8446,145,24.8412,152.837,3.4282,2.8446,2.8446,3.4282
20210717.02,121.796,32.0089,5.0816,-4.8337,4.9653,0.50529,2.7779,165,24.7232,153.106,3.4282,2.7779,2.7779,3.4282
20210717.03,121.796,32.0089,5.0816,-4.8465,4.7853,0.49967,2.73,165,24.7005,153.201,3.4282,2.73,2.73,3.4282
20210717.04,121.796,32.0089,5.0816,-5.5658,4.4309,0.49639,2.6857,165,24.3358,153.119,3.4282,2.6857,2.6857,3.4282
20210717.05,121.796,32.0089,5.0816,-6.2117,4.3517,0.50605,2.652,165,23.8956,153.111,3.4282,2.652,2.652,3.4282
20210717.06,121.796,32.0089,5.0816,-6.3261,4.5919,0.51911,2.6625,165,23.5808,153.4,3.4282,2.6625,2.6625,3.4282
20210717.07,121.796,32.0089,5.0816,-5.2719,4.8182,0.51333,2.7008,165,23.7068,153.797,3.4282,2.7008,2.7008,3.4282
20210717.08,121.796,32.0089,5.0816,-4.87,4.5947,0.49289,2.7215,165,24.0169,154.226,3.4282,2.7215,2.7215,3.4282
20210717.09,121.796,32.0089,5.0816,-4.6671,4.4599,0.47688,2.7078,165,24.421,154.603,3.4282,2.7078,2.7078,3.4282
20210717.1,121.796,32.0089,5.0816,-4.5828,3.3029,0.45144,2.7058,165,24.4536,156.297,3.4282,2.7058,2.7058,3.4282
20210717.11,121.796,32.0089,5.0816,-4.8029,3.0021,0.43027,2.6484,175,24.4037,157.641,3.4282,2.6484,2.6484,3.4282
20210717.12,121.796,32.0089,5.0816,-5.1527,2.9643,0.42338,2.5653,175,24.2124,158.06,3.4282,2.5653,2.5653,3.4282
20210717.13,121.796,32.0089,5.0816,-5.5435,3.0216,0.42602,2.4933,175,24.1019,158.032,3.4282,2.4933,2.4933,3.4282
20210717.14,121.796,32.0089,5.0816,-5.7582,2.9526,0.43075,2.468,175,23.9691,158.326,3.1182,2.468,2.468,3.1182
20210717.15,121.796,32.0089,5.0816,-5.5623,3.1767,0.43278,2.4714,175,23.9348,158.647,3.1182,2.4714,2.4714,3.1182
20210717.16,121.796,32.0089,5.0816,-5.2534,3.3593,0.43014,2.4979,175,23.9875,158.909,3.1182,2.4979,2.4979,3.1182
20210717.17,121.796,32.0089,5.0816,-4.9436,3.5591,0.42535,2.5102,175,24.2573,159.118,3.1182,2.5102,2.5102,3.1182
20210717.18,121.796,32.0089,5.0816,-4.2409,3.7515,0.41328,2.5269,175,24.7738,159.383,3.1182,2.5269,2.5269,3.1182
20210717.19,121.796,32.0089,5.0816,-3.7434,3.5919,0.39319,2.5263,175,25.3755,159.893,3.1182,2.5263,2.5263,3.1182
20210717.2,121.796,32.0089,5.0816,-3.7708,3.3189,0.37614,2.4985,175,25.7291,160.296,3.1182,2.4985,2.4985,3.1182
20210717.21,121.796,32.0089,5.0816,-3.6647,3.0788,0.36027,2.4468,175,25.8552,160.715,3.1182,2.4468,2.4468,3.1182
20210717.22,121.796,32.0089,5.0816,-3.0779,2.6,0.3356,2.4211,175,25.7709,161.794,3.1182,2.4211,2.4211,3.1182
20210717.23,121.796,32.0089,5.0816,-3.8105,2.034,0.31433,2.3368,175,25.2951,162.611,3.1182,2.3368,2.3368,3.1182
20210718,121.796,32.0089,5.0816,-4.2479,1.8553,0.30591,2.1978,175,24.7341,162.832,3.1182,2.1978,2.1978,3.1182
20210718.01,121.796,32.0089,5.0816,-4.0042,2.0051,0.29671,2.105,175,24.8635,162.628,3.1182,2.105,2.105,3.1182
20210718.02,121.796,32.0089,5.0816,-3.8097,1.9052,0.28142,2.04,175,25.2258,162.669,3.1182,2.04,2.04,3.1182
20210718.03,121.796,32.0089,5.0816,-3.7213,1.6248,0.26477,1.9765,175,25.3717,162.987,2.8363,1.9765,1.9765,2.8363
20210718.04,121.796,32.0089,5.0816,-3.768,1.2209,0.24978,1.9221,175,25.5534,163.895,2.8363,1.9221,1.9221,2.8363
20210718.05,121.796,32.0089,5.0816,-3.8682,0.9614,0.23846,1.8722,175,25.4841,165.234,2.5798,1.8722,1.8722,2.5798
20210718.06,121.796,32.0089,5.0816,-4.3804,0.8949,0.23815,1.822,175,25.436,166.241,2.5798,1.822,1.822,2.5798
20210718.07,121.796,32.0089,5.0816,-5.1286,0.8528,0.25159,1.8005,175,25.3268,167.056,2.3465,1.8005,1.8005,2.3465
20210718.08,121.796,32.0089,5.0816,-5.8126,0.788,0.27428,1.8338,175,25.2844,167.748,2.3465,1.8338,1.8338,2.3465
20210718.09,121.796,32.0089,5.0816,-6.1463,1.1904,0.29823,1.9002,175,25.3486,168.042,2.3465,1.9002,1.9002,2.3465
20210718.1,121.796,32.0089,5.0816,-5.8726,1.7724,0.31616,1.9805,175,25.3868,167.679,2.3465,1.9805,1.9805,2.3465
20210718.11,121.796,32.0089,5.0816,-5.6258,2.2019,0.32998,2.0647,175,25.4043,166.725,2.5798,2.0647,2.0647,2.5798
20210718.12,121.796,32.0089,5.0816,-4.7804,2.884,0.33514,2.1472,175,25.7583,165.473,2.5798,2.1472,2.1472,2.5798
20210718.13,121.796,32.0089,5.0816,-3.9855,3.3368,0.33319,2.212,155,26.3839,163.822,2.5798,2.212,2.212,2.5798
20210718.14,121.796,32.0089,5.0816,-3.3129,3.4245,0.3255,2.2649,155,27.0903,162.809,2.5798,2.2649,2.2649,2.5798
20210718.15,121.796,32.0089,5.0816,-3.0217,3.0661,0.31478,2.2997,155,27.5976,162.698,2.8363,2.2997,2.2997,2.8363
20210718.16,121.796,32.0089,5.0816,-3.3082,2.6032,0.30483,2.2939,155,27.511,162.846,3.1182,2.2939,2.2939,3.1182
20210718.17,121.796,32.0089,5.0816,-3.3158,2.6136,0.29764,2.2524,175,27.2492,162.612,3.1182,2.2524,2.2524,3.1182
20210718.18,121.796,32.0089,5.0816,-3.6153,2.5035,0.29088,2.1811,175,26.7969,162.054,3.1182,2.1811,2.1811,3.1182
20210718.19,121.796,32.0089,5.0816,-4.1982,2.4848,0.29346,2.0883,175,26.1638,160.831,2.8363,2.0883,2.0883,2.8363
20210718.2,121.796,32.0089,5.0816,-4.5207,2.6751,0.30297,2.0471,175,25.5391,159.659,2.8363,2.0471,2.0471,2.8363
20210718.21,121.796,32.0089,5.0816,-4.3958,2.6135,0.30695,2.0509,175,25.2732,159.275,2.8363,2.0509,2.0509,2.8363
20210718.22,121.796,32.0089,5.0816,-3.5377,2.6899,0.29559,2.078,175,25.2672,159.544,2.5798,2.078,2.078,2.5798
20210718.23,121.796,32.0089,5.0816,-3.994,2.1253,0.2851,2.0631,175,25.1791,160.279,2.8363,2.0631,2.0631,2.8363
20210719,121.796,32.0089,5.0816,-4.1543,2.033,0.28663,2.0556,175,24.933,161.326,2.8363,2.0556,2.0556,2.8363
20210719.01,121.796,32.0089,5.0816,-4.1582,1.9577,0.28816,2.0507,175,24.816,162.332,2.8363,2.0507,2.0507,2.8363
20210719.02,121.796,32.0089,5.0816,-4.4399,1.9011,0.29196,2.0533,175,24.7629,163.082,2.8363,2.0533,2.0533,2.8363
20210719.03,121.796,32.0089,5.0816,-4.9767,1.6827,0.30489,2.052,175,24.6145,163.733,2.8363,2.0521,2.0521,2.8363
20210719.04,121.796,32.0089,5.0816,-5.4514,1.6927,0.32397,2.0808,175,24.322,164.668,2.8363,2.0808,2.0808,2.8363
20210719.05,121.796,32.0089,5.0816,-5.4089,2.2175,0.34304,2.1352,175,24.2884,164.732,2.8363,2.1352,2.1352,2.8363
20210719.06,121.796,32.0089,5.0816,-5.1913,2.6645,0.35364,2.197,175,24.3248,164.632,2.8363,2.197,2.197,2.8363
20210719.07,121.796,32.0089,5.0816,-5.0791,3.1754,0.36319,2.2459,175,24.7249,163.626,2.8363,2.2459,2.2459,2.8363
20210719.08,121.796,32.0089,5.0816,-4.8815,3.4599,0.37067,2.2829,175,25.1114,162.814,2.8363,2.2829,2.2829,2.8363
20210719.09,121.796,32.0089,5.0816,-4.6176,3.3048,0.37015,2.314,175,25.4975,162.528,2.8363,2.314,2.314,2.8363
20210719.1,121.796,32.0089,5.0816,-3.9482,2.923,0.35585,2.3433,175,25.8087,163.319,2.8363,2.3433,2.3433,2.8363
20210719.11,121.796,32.0089,5.0816,-4.4855,2.7154,0.35041,2.323,175,25.9516,163.088,3.1182,2.323,2.323,3.1182
20210719.12,121.796,32.0089,5.0816,-5.3752,3.5489,0.37208,2.2774,175,25.7842,161.341,3.1182,2.2774,2.2774,3.1182
20210719.13,121.796,32.0089,5.0816,-4.9846,3.6295,0.38836,2.3094,175,25.6624,160.526,3.1182,2.3094,2.3094,3.1182
20210719.14,121.796,32.0089,5.0816,-4.8127,3.3951,0.38838,2.3468,175,25.6948,160.871,3.1182,2.3468,2.3468,3.1182
20210719.15,121.796,32.0089,5.0816,-4.7684,3.3636,0.39066,2.3795,175,25.7123,161.084,3.1182,2.3795,2.3795,3.1182
20210719.16,121.796,32.0089,5.0816,-5.0906,3.4735,0.40286,2.4029,175,25.6774,161.208,3.1182,2.4029,2.4029,3.1182
20210719.17,121.796,32.0089,5.0816,-5.123,3.6651,0.41857,2.4502,175,25.7133,161.534,3.1182,2.4502,2.4502,3.1182
20210719.18,121.796,32.0089,5.0816,-5.353,3.6908,0.4336,2.4932,175,25.708,161.956,3.1182,2.4932,2.4932,3.1182
20210719.19,121.796,32.0089,5.0816,-5.4028,3.3424,0.4452,2.5493,175,25.612,162.985,3.1182,2.5493,2.5493,3.1182
20210719.2,121.796,32.0089,5.0816,-5.7008,3.0608,0.45685,2.5891,175,25.4196,163.952,3.4282,2.5891,2.5891,3.4282
20210719.21,121.796,32.0089,5.0816,-6.2111,2.7514,0.47428,2.6267,175,25.0647,165.049,3.4282,2.6267,2.6267,3.4282
20210719.22,121.796,32.0089,5.0816,-5.9435,1.8813,0.48099,2.6833,175,24.4527,167.185,3.4282,2.6833,2.6833,3.4282
20210719.23,121.796,32.0089,5.0816,-6.7368,2.11,0.49746,2.7169,175,24.0284,168.592,3.4282,2.7169,2.7169,3.4282
20210720,121.796,32.0089,5.0816,-6.7109,2.7309,0.5238,2.7661,175,23.8593,169.143,3.4282,2.7661,2.7661,3.4282
20210720.01,121.796,32.0089,5.0816,-6.5098,3.1299,0.5398,2.829,175,23.9426,169.533,3.4282,2.829,2.829,3.4282
20210720.02,121.796,32.0089,5.0816,-6.4748,3.1179,0.54884,2.8862,175,24.0188,169.87,3.769,2.8862,2.8862,3.769
20210720.03,121.796,32.0089,5.0816,-6.3048,2.7028,0.5523,2.933,175,23.892,170.578,3.769,2.933,2.933,3.769
20210720.04,121.796,32.0089,5.0816,-6.3961,2.4688,0.553,2.9595,175,23.7673,171.156,3.769,2.9595,2.9595,3.769
20210720.05,121.796,32.0089,5.0816,-6.8023,2.4324,0.56102,2.9565,175,23.6026,171.376,3.769,2.9565,2.9565,3.769
20210720.06,121.796,32.0089,5.0816,-7.1618,2.3012,0.57389,2.9577,175,23.378,171.539,3.769,2.9577,2.9577,3.769
20210720.07,121.796,32.0089,5.0816,-7.2295,2.1124,0.58393,2.9693,175,23.0958,171.953,3.769,2.9693,2.9693,3.769
20210720.08,121.796,32.0089,5.0816,-7.168,2.0429,0.58935,2.9887,175,22.9263,172.35,3.769,2.9887,2.9887,3.769
20210720.09,121.796,32.0089,5.0816,-7.021,1.9672,0.59016,3.0113,175,22.7199,172.823,3.769,3.0113,3.0113,3.769
20210720.1,121.796,32.0089,5.0816,-6.8445,1.6198,0.58715,3.0409,175,22.4491,173.495,3.769,3.0409,3.0409,3.769
20210720.11,121.796,32.0089,5.0816,-7.3922,1.7783,0.59495,3.0441,175,22.3259,173.707,3.769,3.0441,3.0441,3.769
20210720.12,121.796,32.0089,5.0816,-7.3301,1.9962,0.61068,3.0656,175,22.2269,173.756,3.769,3.0656,3.0656,3.769
20210720.13,121.796,32.0089,5.0816,-7.3433,2.0525,0.62058,3.1031,175,22.1538,173.916,3.769,3.1031,3.1031,3.769
20210720.14,121.796,32.0089,5.0816,-7.0451,2.083,0.62463,3.1423,175,22.072,174.191,3.769,3.1423,3.1423,3.769
20210720.15,121.796,32.0089,5.0816,-6.9273,1.8868,0.62221,3.176,175,22.0015,174.543,3.769,3.176,3.176,3.769
20210720.16,121.796,32.0089,5.0816,-7.5214,1.9877,0.63031,3.1653,175,22.0933,174.465,3.769,3.1653,3.1653,3.769
20210720.17,121.796,32.0089,5.0816,-7.8521,2.2389,0.65079,3.1637,175,22.1085,174.134,3.769,3.1637,3.1637,3.769
20210720.18,121.796,32.0089,5.0816,-7.4271,2.2265,0.65959,3.1994,175,22.0257,174.208,3.769,3.1994,3.1994,3.769
20210720.19,121.796,32.0089,5.0816,-6.5296,1.8216,0.64424,3.2551,175,21.9171,174.857,3.769,3.2551,3.2551,3.769
20210720.2,121.796,32.0089,5.0816,-5.8954,1.1244,0.61314,3.3012,175,21.6763,176.02,4.1436,3.3012,3.3012,4.1436
20210720.21,121.796,32.0089,5.0816,-5.6768,0.216,0.58268,3.3296,175,21.3406,177.267,4.1436,3.3296,3.3296,4.1436
20210720.22,121.796,32.0089,5.0816,-4.9643,-0.299,0.55149,3.3542,175,21.0422,178.347,4.1436,3.3542,3.3542,4.1436
20210720.23,121.796,32.0089,5.0816,-5.5146,-1.1084,0.52606,3.2964,175,20.9521,179.301,4.1436,3.2964,3.2964,4.1436
20210721,121.796,32.0089,5.0816,-5.9301,-1.4617,0.51408,3.1322,175,21.1455,180.183,4.1436,3.1322,3.1322,4.1436
20210721.01,121.796,32.0089,5.0816,-6.1785,-1.0115,0.5097,2.9584,175,21.7412,180.918,3.769,2.9584,2.9584,3.769
20210721.02,121.796,32.0089,5.0816,-6.1146,-1.0114,0.5049,2.8427,175,22.5514,181.762,3.769,2.8427,2.8427,3.769
20210721.03,121.796,32.0089,5.0816,-5.7947,-1.5412,0.49407,2.7899,175,23.3098,183.05,3.769,2.7899,2.7899,3.769
20210721.04,121.796,32.0089,5.0816,-5.4378,-1.9765,0.47963,2.7641,175,24.1042,184.769,3.4282,2.7641,2.7641,3.4282
20210721.05,121.796,32.0089,5.0816,-5.3011,-2.3304,0.46761,2.7383,175,24.9989,186.681,3.4282,2.7383,2.7383,3.4282
20210721.06,121.796,32.0089,5.0816,-4.9971,-2.8754,0.45925,2.7097,175,25.9868,188.85,3.4282,2.7097,2.7097,3.4282
20210721.07,121.796,32.0089,5.0816,-4.6843,-3.3397,0.45404,2.6877,175,27.1545,191.406,3.4282,2.6877,2.6877,3.4282
20210721.08,121.796,32.0089,5.0816,-4.5481,-3.7244,0.45572,2.6738,175,28.2943,194.276,3.4282,2.6738,2.6738,3.4282
20210721.09,121.796,32.0089,5.0816,-4.8055,-3.9545,0.47006,2.6812,175,29.0364,196.898,3.1182,2.6812,2.6812,3.1182
20210721.1,121.796,32.0089,5.0816,-4.5761,-2.918,0.4874,2.7575,175,28.8184,197.614,3.1182,2.7575,2.7575,3.1182
20210721.11,121.796,32.0089,5.0816,-5.7506,-2.7488,0.50835,2.8217,175,28.3187,196.836,3.1182,2.8217,2.8217,3.1182
20210721.12,121.796,32.0089,5.0816,-6.4229,-1.9954,0.54212,2.8593,175,27.654,195.671,3.1182,2.8593,2.8593,3.1182
20210721.13,121.796,32.0089,5.0816,-6.7786,-1.4589,0.57348,2.9196,175,26.9949,193.772,3.1182,2.9196,2.9196,3.1182
20210721.14,121.796,32.0089,5.0816,-7.1069,-1.1817,0.6015,2.9873,175,26.3061,191.711,3.1182,2.9873,2.9873,3.1182
20210721.15,121.796,32.0089,5.0816,-7.0497,-1.1764,0.62484,3.066,175,25.7737,189.929,3.1182,3.066,3.066,3.1182
20210721.16,121.796,32.0089,5.0816,-6.9084,-1.2615,0.64054,3.1546,175,25.3403,188.669,3.4282,3.1546,3.1546,3.4282
20210721.17,121.796,32.0089,5.0816,-7.0659,-1.1288,0.65589,3.2268,175,24.8719,187.576,3.4282,3.2268,3.2268,3.4282
20210721.18,121.796,32.0089,5.0816,-7.2661,-0.9946,0.67339,3.2873,175,24.3499,186.536,3.4282,3.2873,3.2873,3.4282
20210721.19,121.796,32.0089,5.0816,-7.1564,-1.1521,0.68743,3.3456,175,23.8973,185.967,3.4282,3.3456,3.3456,3.4282
20210721.2,121.796,32.0089,5.0816,-7.0191,-1.4924,0.695,3.4034,175,23.5296,185.866,3.769,3.4034,3.4034,3.769
20210721.21,121.796,32.0089,5.0816,-6.9619,-1.9322,0.70059,3.4514,175,23.2577,186.153,3.769,3.4514,3.4514,3.769
20210721.22,121.796,32.0089,5.0816,-6.5899,-2.2796,0.70162,3.4951,185,23.2228,186.728,3.769,3.4951,3.4951,3.769
20210721.23,121.796,32.0089,5.0816,-7.1409,-2.3197,0.70603,3.5046,185,23.252,187.326,3.769,3.5046,3.5046,3.769
20210722,121.796,32.0089,5.0816,-7.8406,-2.0463,0.72678,3.4738,185,23.3644,187.415,3.769,3.4738,3.4738,3.769
20210722.01,121.796,32.0089,5.0816,-7.744,-1.9565,0.74906,3.4858,185,23.3254,187.405,3.769,3.4858,3.4858,3.769
20210722.02,121.796,32.0089,5.0816,-7.5271,-2.3209,0.76047,3.5225,185,23.4009,187.767,3.769,3.5225,3.5225,3.769
20210722.03,121.796,32.0089,5.0816,-7.8719,-2.1137,0.77173,3.5496,185,23.4551,187.972,3.769,3.5496,3.5496,3.769
20210722.04,121.796,32.0089,5.0816,-7.882,-1.7274,0.78592,3.5705,185,23.5455,187.899,3.769,3.5705,3.5705,3.769
20210722.05,121.796,32.0089,5.0816,-7.3301,-1.7525,0.78574,3.6194,185,23.4863,187.936,3.769,3.6194,3.6194,3.769
20210722.06,121.796,32.0089,5.0816,-7.1114,-1.7335,0.7756,3.6535,185,23.5761,188.291,3.769,3.6535,3.6535,3.769
20210722.07,121.796,32.0089,5.0816,-7.0759,-1.7134,0.76526,3.6726,185,23.5539,188.46,6.6554,3.6726,3.6726,6.6554
20210722.08,121.796,32.0089,5.0816,-7.2171,-1.6493,0.76067,3.6589,185,23.5911,188.569,6.6554,3.6589,3.6589,6.6554
20210722.09,121.796,32.0089,5.0816,-7.2796,-1.7698,0.75847,3.6505,185,23.5132,188.502,6.6554,3.6505,3.6505,6.6554
20210722.1,121.796,32.0089,5.0816,-7.7007,-1.5401,0.76633,3.6211,185,23.4997,188.314,6.6554,3.6211,3.6211,6.6554
20210722.11,121.796,32.0089,5.0816,-7.6192,-0.8196,0.77716,3.619,185,23.3828,187.665,6.6554,3.619,3.619,6.6554
20210722.12,121.796,32.0089,5.0816,-7.2107,-0.855,0.77984,3.6447,185,23.185,187.096,6.6554,3.6447,3.6447,6.6554
20210722.13,121.796,32.0089,5.0816,-7.541,-0.7335,0.7809,3.6711,185,22.9574,186.531,6.6554,3.6711,3.6711,6.6554
20210722.14,121.796,32.0089,5.0816,-7.3677,-0.863,0.78673,3.6948,185,22.7281,186.036,6.6554,3.6948,3.6948,6.6554
20210722.15,121.796,32.0089,5.0816,-7.4408,-0.9041,0.7885,3.7221,185,22.5286,185.748,6.6554,3.7221,3.7221,6.6554
20210722.16,121.796,32.0089,5.0816,-7.5678,-1.0256,0.79318,3.7308,185,22.3991,185.603,6.6554,3.7308,3.7308,6.6554
20210722.17,121.796,32.0089,5.0816,-7.5906,-1.2604,0.79722,3.7421,185,22.3139,185.619,6.6554,3.7421,3.7421,6.6554
20210722.18,121.796,32.0089,5.0816,-7.5918,-1.6522,0.80179,3.7485,185,22.236,185.837,6.6554,3.7485,3.7485,6.6554
20210722.19,121.796,32.0089,5.0816,-7.7014,-1.9835,0.80583,3.7559,185,22.2605,186.156,6.6554,3.7559,3.7559,6.6554
20210722.2,121.796,32.0089,5.0816,-7.9786,-2.1365,0.8173,3.7502,185,22.3364,186.492,7.3171,3.7502,3.7502,7.3171
20210722.21,121.796,32.0089,5.0816,-7.8792,-2.5052,0.82858,3.7583,185,22.4415,186.872,7.3171,3.7583,3.7583,7.3171
20210722.22,121.796,32.0089,5.0816,-7.538,-2.4809,0.83423,3.783,185,22.5919,187.394,7.3171,3.783,3.783,7.3171
20210722.23,121.796,32.0089,5.0816,-8.2242,-2.782,0.8432,3.7851,185,22.7174,187.779,4.1436,3.7851,3.7851,4.1436
20210723,121.796,32.0089,5.0816,-8.8443,-2.9293,0.86984,3.7703,185,22.8892,187.911,4.1436,3.7703,3.7703,4.1436
20210723.01,121.796,32.0089,5.0816,-8.3839,-3.5071,0.89171,3.7872,185,23.1545,188.452,4.1436,3.7872,3.7872,4.1436
20210723.02,121.796,32.0089,5.0816,-7.8388,-3.724,0.89743,3.83,185,23.4337,189.426,4.1436,3.83,3.83,4.1436
20210723.03,121.796,32.0089,5.0816,-8.1348,-3.3832,0.89782,3.861,185,23.6598,190.185,4.1436,3.861,3.861,4.1436
20210723.04,121.796,32.0089,5.0816,-7.9161,-3.1524,0.89918,3.8801,185,23.7896,190.567,4.1436,3.8801,3.8801,4.1436
20210723.05,121.796,32.0089,5.0816,-7.4129,-3.3439,0.88842,3.8939,185,24.0309,191.256,4.1436,3.8939,3.8939,4.1436
20210723.06,121.796,32.0089,5.0816,-7.755,-3.2268,0.877,3.8901,185,24.184,191.85,4.1436,3.89,3.89,4.1436
20210723.07,121.796,32.0089,5.0816,-7.6945,-3.1145,0.87294,3.8656,185,24.3553,192.255,4.1436,3.8656,3.8656,4.1436
20210723.08,121.796,32.0089,5.0816,-7.2599,-2.9693,0.86307,3.8607,185,24.4567,192.655,4.1436,3.8607,3.8607,4.1436
20210723.09,121.796,32.0089,5.0816,-6.8014,-3.1579,0.84487,3.8644,185,24.5753,193.08,4.1436,3.8644,3.8644,4.1436
20210723.1,121.796,32.0089,5.0816,-6.8529,-2.6489,0.82743,3.8595,185,24.6919,193.285,7.3171,3.8595,3.8595,7.3171
20210723.11,121.796,32.0089,5.0816,-7.227,-3.2002,0.81988,3.8288,185,24.7111,193.19,7.3171,3.8288,3.8288,7.3171
20210723.12,121.796,32.0089,5.0816,-7.2377,-3.4532,0.82162,3.7912,185,24.8346,193.298,7.3171,3.7912,3.7912,7.3171
20210723.13,121.796,32.0089,5.0816,-7.2312,-3.6366,0.82601,3.7698,185,24.9269,193.467,7.3171,3.7698,3.7698,7.3171
20210723.14,121.796,32.0089,5.0816,-7.7719,-3.4867,0.83731,3.7554,185,24.9484,193.353,7.3171,3.7554,3.7554,7.3171
20210723.15,121.796,32.0089,5.0816,-8.7284,-2.8133,0.86339,3.7341,185,24.8594,192.626,7.3171,3.7341,3.7341,7.3171
20210723.16,121.796,32.0089,5.0816,-8.661,-2.7231,0.88999,3.7523,185,24.6335,191.587,3.769,3.7523,3.7523,3.769
20210723.17,121.796,32.0089,5.0816,-8.2969,-3.3447,0.90644,3.7964,185,24.5801,191.128,3.769,3.7964,3.7964,3.769
20210723.18,121.796,32.0089,5.0816,-8.1629,-4.0498,0.918,3.8503,185,24.5839,191.182,4.1436,3.8503,3.8503,4.1436
20210723.19,121.796,32.0089,5.0816,-8.6096,-4.1737,0.93565,3.8778,185,24.6994,191.46,4.1436,3.8778,3.8778,4.1436
20210723.2,121.796,32.0089,5.0816,-9.1649,-4.6037,0.96296,3.895,185,24.7171,191.715,4.1436,3.895,3.895,4.1436
20210723.21,121.796,32.0089,5.0816,-9.5162,-4.4098,0.99724,3.9116,185,24.7925,192.126,4.1436,3.9116,3.9116,4.1436
20210723.22,121.796,32.0089,5.0816,-9.277,-3.7738,1.02057,3.9667,185,24.6013,192.127,4.1436,3.9667,3.9667,4.1436
20210723.23,121.796,32.0089,5.0816,-10.2557,-3.3985,1.04804,4.0074,185,24.39,191.841,4.1436,4.0074,4.0074,4.1436
20210724,121.796,32.0089,5.0816,-9.9773,-3.2589,1.07839,4.0602,185,24.2665,191.516,4.1436,4.0602,4.0602,4.1436
20210724.01,121.796,32.0089,5.0816,-10.025,-3.06,1.09962,4.1269,185,24.0271,191.315,4.5556,4.1269,4.1269,4.5556
20210724.02,121.796,32.0089,5.0816,-10.197,-2.9521,1.12108,4.1905,185,23.7819,191.098,4.5556,4.1905,4.1905,4.5556
20210724.03,121.796,32.0089,5.0816,-9.6579,-3.05,1.13873,4.2637,185,23.513,191.037,4.5556,4.2637,4.2637,4.5556
20210724.04,121.796,32.0089,5.0816,-8.7928,-3.6255,1.13701,4.3426,185,23.222,191.299,4.5556,4.3426,4.3426,4.5556
20210724.05,121.796,32.0089,5.0816,-9.0146,-4.2807,1.12847,4.3806,185,23.1684,191.859,4.5556,4.3806,4.3806,4.5556
20210724.06,121.796,32.0089,5.0816,-9.2648,-4.3209,1.12804,4.3738,185,23.2727,192.411,4.5556,4.3738,4.3738,4.5556
20210724.07,121.796,32.0089,5.0816,-9.2552,-4.8261,1.1297,4.3542,185,23.5217,193.087,4.5556,4.3542,4.3542,4.5556
20210724.08,121.796,32.0089,5.0816,-9.6167,-4.9717,1.13678,4.3231,185,23.7871,193.887,4.5556,4.3231,4.3231,4.5556
20210724.09,121.796,32.0089,5.0816,-9.655,-4.5187,1.14882,4.3127,185,23.9156,194.298,4.5556,4.3127,4.3127,4.5556
20210724.1,121.796,32.0089,5.0816,-9.0355,-4.7086,1.15248,4.3282,185,23.965,194.588,4.5556,4.3282,4.3282,4.5556
20210724.11,121.796,32.0089,5.0816,-10.2808,-4.9031,1.16607,4.3318,185,24.0223,194.738,4.5556,4.3318,4.3318,4.5556
20210724.12,121.796,32.0089,5.0816,-9.8945,-5.26,1.1953,4.3417,185,24.1628,194.814,4.5556,4.3417,4.3417,4.5556
20210724.13,121.796,32.0089,5.0816,-9.7412,-5.8801,1.21363,4.381,185,24.3082,195.216,4.5556,4.381,4.381,4.5556
20210724.14,121.796,32.0089,5.0816,-9.4208,-6.2404,1.22834,4.4158,185,24.5494,195.864,4.5556,4.4158,4.4158,4.5556
20210724.15,121.796,32.0089,5.0816,-9.4446,-6.6981,1.24233,4.4387,185,24.8923,196.681,4.5556,4.4387,4.4387,4.5556
20210724.16,121.796,32.0089,5.0816,-9.6944,-7.3353,1.2608,4.4431,185,25.288,197.656,4.5556,4.4431,4.4431,4.5556
20210724.17,121.796,32.0089,5.0816,-9.8831,-8.0546,1.28431,4.4255,185,25.8044,198.904,5.0084,4.4255,4.4255,5.0084
20210724.18,121.796,32.0089,5.0816,-10.3012,-8.4167,1.31109,4.404,185,26.2659,200.216,5.0084,4.404,4.404,5.0084
20210724.19,121.796,32.0089,5.0816,-10.3689,-9.1147,1.3393,4.3797,185,26.8469,201.566,5.0084,4.3797,4.3797,5.0084
20210724.2,121.796,32.0089,5.0816,-10.1451,-9.6545,1.36184,4.3854,185,27.3565,202.762,5.0084,4.3854,4.3854,5.0084
20210724.21,121.796,32.0089,5.0816,-10.8388,-10.7195,1.39477,4.3837,185,27.9862,204.03,5.0084,4.3837,4.3837,5.0084
20210724.22,121.796,32.0089,5.0816,-12.6081,-9.7759,1.44153,4.4113,185,28.0458,204.312,5.0084,4.4113,4.4113,5.0084
20210724.23,121.796,32.0089,5.0816,-12.1702,-10.4114,1.48997,4.4552,185,28.3264,204.552,5.0084,4.4552,4.4552,5.0084
20210725,121.796,32.0089,5.0816,-12.8439,-9.4525,1.52945,4.5258,185,28.2666,204.548,5.0084,4.5258,4.5258,5.0084
20210725.01,121.796,32.0089,5.0816,-14.479,-9.4427,1.58449,4.5803,185,28.2523,204.245,5.0084,4.5802,4.5802,5.0084
20210725.02,121.796,32.0089,5.0816,-15.3324,-8.3762,1.64049,4.6559,185,28.0611,203.452,5.0084,4.6559,4.6559,5.0084
20210725.03,121.796,32.0089,5.0816,-15.4062,-7.2659,1.68748,4.7482,185,27.8022,202.611,5.0084,4.7482,4.7482,5.0084
20210725.04,121.796,32.0089,5.0816,-15.6799,-6.6665,1.72805,4.843,185,27.5335,201.777,5.0084,4.843,4.843,5.0084
20210725.05,121.796,32.0089,5.0816,-15.5053,-6.357,1.76188,4.9383,185,27.2396,201.048,5.5063,4.9383,4.9383,5.5063
20210725.06,121.796,32.0089,5.0816,-14.6763,-6.3643,1.78399,5.047,185,26.8679,200.417,5.5063,5.047,5.047,5.5063
20210725.07,121.796,32.0089,5.0816,-14.9818,-6.2569,1.80783,5.1456,185,26.4544,199.843,5.5063,5.1456,5.1456,5.5063
20210725.08,121.796,32.0089,5.0816,-15.1842,-6.8672,1.83253,5.2325,185,26.0457,199.257,5.5063,5.2325,5.2325,5.5063
20210725.09,121.796,32.0089,5.0816,-15.3028,-7.4002,1.85503,5.3123,185,25.6552,198.722,5.5063,5.3123,5.3123,5.5063
20210725.1,121.796,32.0089,5.0816,-16.3424,-7.0356,1.8772,5.3834,185,25.2594,198.146,6.0537,5.3834,5.3834,6.0537
20210725.11,121.796,32.0089,5.0816,-15.7703,-7.4608,1.8927,5.4575,185,24.9098,197.674,6.0537,5.4575,5.4575,6.0537
20210725.12,121.796,32.0089,5.0816,-16.1061,-7.2809,1.90554,5.5298,185,24.5703,197.261,6.0537,5.5298,5.5298,6.0537
20210725.13,121.796,32.0089,5.0816,-17.0762,-5.3877,1.91875,5.6004,185,24.2041,196.731,6.0537,5.6004,5.6004,6.0537
20210725.14,121.796,32.0089,5.0816,-16.351,-4.5156,1.92709,5.6796,185,23.8256,196.154,6.0537,5.6796,5.6796,6.0537
20210725.15,121.796,32.0089,5.0816,-15.9337,-3.8548,1.93368,5.765,185,23.4081,195.531,6.6554,5.765,5.765,6.6554
20210725.16,121.796,32.0089,5.0816,-15.9145,-2.6462,1.94137,5.8572,185,22.9332,194.842,6.6554,5.8572,5.8572,6.6554
20210725.17,121.796,32.0089,5.0816,-16.5722,-1.6231,1.95183,5.9477,185,22.4174,194.116,6.6554,5.9477,5.9477,6.6554
20210725.18,121.796,32.0089,5.0816,-16.725,-0.9656,1.96065,6.0351,185,21.8996,193.44,6.6554,6.0351,6.0351,6.6554
20210725.19,121.796,32.0089,5.0816,-16.4835,-1.4618,1.96634,6.1174,185,21.4011,192.893,6.6554,6.1174,6.1174,6.6554
20210725.2,121.796,32.0089,5.0816,-16.0272,-1.4319,1.96922,6.1945,185,20.9298,192.467,6.6554,6.1945,6.1945,6.6554
20210725.21,121.796,32.0089,5.0816,-16.1259,-0.8014,1.97223,6.2601,185,20.4923,192.111,6.6554,6.2601,6.2601,6.6554
20210725.22,121.796,32.0089,5.0816,-16.3399,1.4104,1.97517,6.3125,185,20.1082,191.754,8.0444,6.3125,6.3125,8.0444
20210725.23,121.796,32.0089,5.0816,-16.135,1.116,1.9769,6.3568,185,19.7735,191.444,8.8441,6.3568,6.3568,8.8441
20210726,121.796,32.0089,5.0816,-16.3161,1.5711,1.97878,6.3872,185,19.4947,191.138,8.8441,6.3872,6.3872,8.8441
20210726.01,121.796,32.0089,5.0816,-16.3451,2.3541,1.98,6.4068,185,19.2701,190.823,8.8441,6.4068,6.4068,8.8441
20210726.02,121.796,32.0089,5.0816,-16.1501,3.3512,1.98013,6.4198,185,19.0916,190.495,8.8441,6.4198,6.4198,8.8441
20210726.03,121.796,32.0089,5.0816,-15.6086,4.7203,1.97901,6.4326,185,18.9486,190.154,8.8441,6.4326,6.4326,8.8441
20210726.04,121.796,32.0089,5.0816,-14.8014,5.2478,1.97712,6.4547,185,18.8115,189.833,8.8441,6.4547,6.4547,8.8441
20210726.05,121.796,32.0089,5.0816,-14.4401,5.7818,1.97659,6.4823,185,18.6757,189.533,8.8441,6.4823,6.4823,8.8441
20210726.06,121.796,32.0089,5.0816,-14.2244,7.0898,1.97693,6.5102,185,18.5639,189.244,8.8441,6.5102,6.5102,8.8441
20210726.07,121.796,32.0089,5.0816,-13.4016,7.5173,1.97441,6.5437,185,18.4678,189.024,8.8441,6.5437,6.5437,8.8441
20210726.08,121.796,32.0089,5.0816,-12.7353,6.6856,1.9693,6.5766,185,18.3767,188.893,8.8441,6.5766,6.5766,8.8441
20210726.09,121.796,32.0089,5.0816,-13.164,6.4919,1.96531,6.5864,185,18.3315,188.778,8.8441,6.5864,6.5864,8.8441
20210726.1,121.796,32.0089,5.0816,-14.1579,6.0606,1.96355,6.5668,185,18.3446,188.63,8.8441,6.5668,6.5668,8.8441
20210726.11,121.796,32.0089,5.0816,-14.454,6.096,1.96158,6.5297,185,18.4044,188.427,8.8441,6.5297,6.5297,8.8441
20210726.12,121.796,32.0089,5.0816,-13.5627,6.0238,1.95527,6.4977,185,18.4627,188.231,8.0444,6.4977,6.4977,8.0444
20210726.13,121.796,32.0089,5.0816,-12.4744,5.326,1.94531,6.4786,185,18.4803,188.114,8.0444,6.4786,6.4786,8.0444
20210726.14,121.796,32.0089,5.0816,-12.9291,6.5017,1.93902,6.4485,185,18.5273,187.987,8.0444,6.4485,6.4485,8.0444
20210726.15,121.796,32.0089,5.0816,-12.4994,7.2627,1.93202,6.4219,185,18.6091,187.851,8.0444,6.4219,6.4219,8.0444
20210726.16,121.796,32.0089,5.0816,-12.4594,7.3722,1.92372,6.3904,185,18.729,187.691,8.0444,6.3904,6.3904,8.0444
20210726.17,121.796,32.0089,5.0816,-13.1614,7.386,1.91773,6.3403,185,18.8982,187.445,8.0444,6.3403,6.3403,8.0444
20210726.18,121.796,32.0089,5.0816,-13.5685,7.9175,1.91507,6.2768,185,19.1026,187.083,8.0444,6.2768,6.2768,8.0444
20210726.19,121.796,32.0089,5.0816,-12.4475,8.3171,1.90857,6.2322,185,19.2633,186.744,8.0444,6.2322,6.2322,8.0444
20210726.2,121.796,32.0089,5.0816,-11.2701,9.6171,1.89755,6.2027,185,19.4352,186.479,8.0444,6.2027,6.2027,8.0444
20210726.21,121.796,32.0089,5.0816,-10.4661,10.4275,1.88488,6.1842,185,19.6545,186.271,8.0444,6.1842,6.1842,8.0444
20210726.22,121.796,32.0089,5.0816,-7.6623,11.1805,1.86303,6.1933,185,19.8976,186.23,8.0444,6.1933,6.1933,8.0444
20210726.23,121.796,32.0089,5.0816,-9.3176,9.5765,1.8426,6.1884,185,20.1539,186.163,8.0444,6.1884,6.1884,8.0444
20210727,121.796,32.0089,5.0816,-10.4003,8.6345,1.82659,6.1492,185,20.4572,185.835,8.0444,6.1492,6.1492,8.0444
20210727.01,121.796,32.0089,5.0816,-11.1707,8.0569,1.81178,6.0727,185,20.7917,185.235,8.0444,6.0727,6.0727,8.0444
20210727.02,121.796,32.0089,5.0816,-10.877,7.812,1.79345,5.9886,185,21.0556,184.578,7.3171,5.9886,5.9886,7.3171
20210727.03,121.796,32.0089,5.0816,-10.7127,8.9869,1.77693,5.8909,185,21.4096,183.812,7.3171,5.8909,5.8909,7.3171
20210727.04,121.796,32.0089,5.0816,-9.6352,9.1104,1.7578,5.8313,185,21.6587,183.252,7.3171,5.8314,5.8314,7.3171
20210727.05,121.796,32.0089,5.0816,-9.0517,9.1931,1.73667,5.8054,185,21.8926,182.961,7.3171,5.8054,5.8054,7.3171
20210727.06,121.796,32.0089,5.0816,-9.7012,9.5336,1.72818,5.7799,185,22.1782,182.683,7.3171,5.7799,5.7799,7.3171
20210727.07,121.796,32.0089,5.0816,-10.0947,8.1509,1.72654,5.7691,185,22.2142,182.608,7.3171,5.7691,5.7691,7.3171
20210727.08,121.796,32.0089,5.0816,-10.4146,7.7157,1.72205,5.7548,185,22.2304,182.69,7.3171,5.7548,5.7548,7.3171
20210727.09,121.796,32.0089,5.0816,-10.7073,7.3907,1.71708,5.7236,185,22.2519,182.733,7.3171,5.7236,5.7236,7.3171
20210727.1,121.796,32.0089,5.0816,-10.938,6.7614,1.71182,5.6876,185,22.2007,182.81,7.3171,5.6876,5.6876,7.3171
20210727.11,121.796,32.0089,5.0816,-11.1024,6.5916,1.70785,5.65,185,22.1239,182.869,7.3171,5.65,5.65,7.3171
20210727.12,121.796,32.0089,5.0816,-11.1268,6.8355,1.70614,5.6147,185,22.0533,182.906,7.3171,5.6147,5.6147,7.3171
20210727.13,121.796,32.0089,5.0816,-10.5586,7.3359,1.70101,5.595,185,22.0239,182.987,7.3171,5.595,5.595,7.3171
20210727.14,121.796,32.0089,5.0816,-10.3156,7.5898,1.69233,5.5873,185,22.054,183.156,7.3171,5.5873,5.5873,7.3171
20210727.15,121.796,32.0089,5.0816,-10.2245,7.5978,1.68286,5.5836,185,22.1218,183.382,7.3171,5.5836,5.5836,7.3171
20210727.16,121.796,32.0089,5.0816,-10.1025,7.3524,1.66844,5.5748,185,22.2134,183.625,7.3171,5.5748,5.5748,7.3171
20210727.17,121.796,32.0089,5.0816,-9.841,7.3962,1.64464,5.5533,185,22.3393,183.813,7.3171,5.5533,5.5533,7.3171
20210727.18,121.796,32.0089,5.0816,-9.4435,7.8487,1.61513,5.5061,185,22.6449,183.719,7.3171,5.5061,5.5061,7.3171
20210727.19,121.796,32.0089,5.0816,-8.9971,8.36,1.57913,5.4515,185,22.9654,183.496,6.6554,5.4515,5.4515,6.6554
20210727.2,121.796,32.0089,5.0816,-8.7594,8.2673,1.54088,5.3893,185,23.3092,183.159,6.6554,5.3893,5.3893,6.6554
20210727.21,121.796,32.0089,5.0816,-8.7158,8.1154,1.50293,5.326,185,23.5593,182.802,6.6554,5.326,5.326,6.6554
20210727.22,121.796,32.0089,5.0816,-8.5829,7.3944,1.46567,5.2625,185,23.7469,182.481,6.6554,5.2625,5.2625,6.6554
20210727.23,121.796,32.0089,5.0816,-8.2224,7.9399,1.42863,5.2001,185,24.0069,182.127,6.6554,5.2001,5.2001,6.6554
20210728,121.796,32.0089,5.0816,-8.1829,7.5885,1.39796,5.1394,185,24.2857,181.803,6.6554,5.1394,5.1394,6.6554
20210728.01,121.796,32.0089,5.0816,-8.3154,6.7093,1.37228,5.1085,185,24.3222,181.991,6.6554,5.1085,5.1085,6.6554
20210728.02,121.796,32.0089,5.0816,-8.5189,6.8863,1.36111,5.073,185,24.5666,182.117,6.6554,5.0729,5.0729,6.6554
20210728.03,121.796,32.0089,5.0816,-8.1843,7.0543,1.34982,5.0477,185,24.7491,182.376,6.6554,5.0477,5.0477,6.6554
20210728.04,121.796,32.0089,5.0816,-7.5395,7.603,1.33185,5.0236,185,25.1319,182.562,6.6554,5.0236,5.0236,6.6554
20210728.05,121.796,32.0089,5.0816,-7.4863,7.7187,1.31013,4.9936,185,25.5025,182.628,6.6554,4.9936,4.9936,6.6554
20210728.06,121.796,32.0089,5.0816,-7.6546,7.7526,1.29227,4.9493,185,25.852,182.448,6.6554,4.9493,4.9493,6.6554
20210728.07,121.796,32.0089,5.0816,-7.7668,7.6864,1.27688,4.8957,185,26.1738,182.093,6.0537,4.8957,4.8957,6.0537
20210728.08,121.796,32.0089,5.0816,-7.8339,7.0752,1.25716,4.8547,185,26.2758,181.956,6.0537,4.8547,4.8547,6.0537
20210728.09,121.796,32.0089,5.0816,-7.1247,7.4767,1.23296,4.8138,185,26.5685,181.729,6.0537,4.8138,4.8138,6.0537
20210728.1,121.796,32.0089,5.0816,-6.8638,6.7764,1.19947,4.7968,185,26.6154,181.912,6.0537,4.7968,4.7968,6.0537
20210728.11,121.796,32.0089,5.0816,-7.1524,6.5616,1.17244,4.7553,185,26.8101,181.81,6.0537,4.7553,4.7553,6.0537
20210728.12,121.796,32.0089,5.0816,-7.0357,6.7346,1.1503,4.7095,185,26.9428,181.681,6.0537,4.7095,4.7095,6.0537
20210728.13,121.796,32.0089,5.0816,-6.4336,7.5323,1.13024,4.6513,185,27.4108,181.253,6.0537,4.6513,4.6513,6.0537
20210728.14,121.796,32.0089,5.0816,-6.1372,7.4573,1.10543,4.6136,185,27.7199,181.085,6.0537,4.6136,4.6136,6.0537
20210728.15,121.796,32.0089,5.0816,-5.6491,7.7786,1.08219,4.5649,185,28.1221,180.673,6.0537,4.5649,4.5649,6.0537
20210728.16,121.796,32.0089,5.0816,-5.5627,8.2984,1.06365,4.5028,185,28.6511,179.904,6.0537,4.5028,4.5028,6.0537
20210728.17,121.796,32.0089,5.0816,-5.6862,8.3871,1.05249,4.4248,185,29.1191,178.77,6.0537,4.4248,4.4248,6.0537
20210728.18,121.796,32.0089,5.0816,-5.6855,8.4547,1.04429,4.3477,185,29.5293,177.577,6.0537,4.3477,4.3477,6.0537
20210728.19,121.796,32.0089,5.0816,-5.4487,8.5313,1.03437,4.2924,185,29.8343,176.556,6.0537,4.2924,4.2924,6.0537
20210728.2,121.796,32.0089,5.0816,-5.166,8.4793,1.01916,4.2571,185,30.0224,175.912,6.0537,4.2571,4.2571,6.0537
20210728.21,121.796,32.0089,5.0816,-4.5545,8.4714,0.99982,4.2355,185,30.1957,175.46,6.0537,4.2355,4.2355,6.0537
20210728.22,121.796,32.0089,5.0816,-4.0703,7.4464,0.9672,4.2463,185,30.0868,175.982,5.5063,4.2463,4.2463,5.5063
20210728.23,121.796,32.0089,5.0816,-4.0278,7.9343,0.94153,4.2195,185,30.3605,175.803,5.5063,4.2195,4.2195,5.5063
20210729,121.796,32.0089,5.0816,-3.7151,8.7088,0.92787,4.1463,185,30.8881,174.815,5.5063,4.1463,4.1463,5.5063
20210729.01,121.796,32.0089,5.0816,-3.2483,8.4952,0.90824,4.1081,185,31.1745,174.383,5.5063,4.1081,4.1081,5.5063
20210729.02,121.796,32.0089,5.0816,-2.7962,8.5276,0.88715,4.0645,185,31.5561,173.953,5.5063,4.0645,4.0645,5.5063
20210729.03,121.796,32.0089,5.0816,-2.7282,8.1567,0.86356,4.0365,185,31.6497,173.719,5.5063,4.0365,4.0365,5.5063
20210729.04,121.796,32.0089,5.0816,-2.9481,7.8406,0.84262,3.9829,185,31.736,172.889,5.5063,3.9829,3.9829,5.5063
20210729.05,121.796,32.0089,5.0816,-2.9988,7.3873,0.81687,3.939,185,31.4763,172.187,5.5063,3.939,3.939,5.5063
20210729.06,121.796,32.0089,5.0816,-2.6948,7.1815,0.78955,3.8857,185,31.3242,171.136,5.5063,3.8857,3.8857,5.5063
20210729.07,121.796,32.0089,5.0816,-2.2591,6.7613,0.75521,3.8463,185,30.9539,170.569,5.5063,3.8463,3.8463,5.5063
20210729.08,121.796,32.0089,5.0816,-2.2542,6.1176,0.71797,3.8222,185,30.4301,170.24,5.5063,3.8222,3.8222,5.5063
20210729.09,121.796,32.0089,5.0816,-0.9531,6.2512,0.67757,3.7878,185,30.2695,170.213,5.5063,3.7878,3.7878,5.5063
20210729.1,121.796,32.0089,5.0816,-0.2817,5.3094,0.63295,3.814,185,29.7159,171.107,5.5063,3.814,3.814,5.5063
20210729.11,121.796,32.0089,5.0816,-0.3268,5.1017,0.59521,3.8015,185,29.3745,171.714,5.5063,3.8015,3.8015,5.5063
20210729.12,121.796,32.0089,5.0816,-0.1397,5.1172,0.56546,3.7365,185,29.5357,171.855,5.0084,3.7365,3.7365,5.0084
20210729.13,121.796,32.0089,5.0816,0.1215,4.7193,0.53813,3.6882,185,29.5495,172.436,5.0084,3.6882,3.6882,5.0084
20210729.14,121.796,32.0089,5.0816,0.7504,4.1397,0.51311,3.7028,185,29.2702,173.485,5.0084,3.7028,3.7028,5.0084
20210729.15,121.796,32.0089,5.0816,1.5985,3.3348,0.491,3.7555,185,28.5928,174.701,5.0084,3.7555,3.7555,5.0084
20210729.16,121.796,32.0089,5.0816,2.4224,2.3983,0.47052,3.8225,185,27.709,175.886,5.0084,3.8225,3.8225,5.0084
20210729.17,121.796,32.0089,5.0816,2.9607,1.3203,0.45007,3.9149,185,26.4934,177.048,5.0084,3.9149,3.9149,5.0084
20210729.18,121.796,32.0089,5.0816,3.0729,0.6488,0.42998,3.999,185,25.244,178.004,5.0084,3.999,3.999,5.0084
20210729.19,121.796,32.0089,5.0816,3.1822,0.3459,0.41064,4.0634,185,24.1247,178.739,5.0084,4.0634,4.0634,5.0084
20210729.2,121.796,32.0089,5.0816,3.2073,0.1429,0.39254,4.119,185,23.0882,179.332,5.0084,4.119,4.119,5.0084
20210729.21,121.796,32.0089,5.0816,3.2864,0.1099,0.37692,4.1278,185,22.6126,179.769,5.0084,4.1278,4.1278,5.0084
20210729.22,121.796,32.0089,5.0816,2.8419,0.4075,0.36417,4.1045,185,22.4642,180.118,5.0084,4.1045,4.1045,5.0084
20210729.23,121.796,32.0089,5.0816,2.7333,0.4503,0.35434,4.0378,185,22.9986,180.46,5.0084,4.0378,4.0378,5.0084
20210730,121.796,32.0089,5.0816,2.7213,0.3311,0.34661,3.9251,185,24.4241,180.846,5.0084,3.9251,3.9251,5.0084
20210730.01,121.796,32.0089,5.0816,2.5591,0.6504,0.3399,3.767,185,26.8187,181.312,5.0084,3.767,3.767,5.0084
20210730.02,121.796,32.0089,5.0816,2.4421,0.9541,0.33357,3.5619,175,30.248,181.871,5.0084,3.5619,3.5619,5.0084
20210730.03,121.796,32.0089,5.0816,2.233,1.2057,0.32702,3.3407,175,34.307,182.452,5.0084,3.3407,3.3407,5.0084
20210730.04,121.796,32.0089,5.0816,1.8327,1.6139,0.31968,3.1464,175,38.3151,182.942,5.0084,3.1464,3.1464,5.0084
20210730.05,121.796,32.0089,5.0816,1.4265,1.8658,0.31138,2.9817,175,41.8502,182.954,5.0084,2.9817,2.9817,5.0084
20210730.06,121.796,32.0089,5.0816,0.9951,1.7251,0.30093,2.8921,175,43.7422,182.435,5.0084,2.8921,2.8921,5.0084
20210730.07,121.796,32.0089,5.0816,0.2965,1.8764,0.2885,2.8886,175,43.719,181.84,5.0084,2.8886,2.8886,5.0084
20210730.08,121.796,32.0089,5.0816,-0.5974,2.2584,0.27661,2.8841,175,42.7701,180.615,5.0084,2.8841,2.8841,5.0084
20210730.09,121.796,32.0089,5.0816,-1.1878,2.8346,0.2673,2.8442,175,41.5785,178.449,5.0084,2.8442,2.8442,5.0084
20210730.1,121.796,32.0089,5.0816,-2.0969,2.603,0.2605,2.7681,175,40.3579,176.048,5.0084,2.7681,2.7681,5.0084
20210730.11,121.796,32.0089,5.0816,-2.1408,3.4189,0.25791,2.5964,175,39.7692,172.454,5.0084,2.5964,2.5964,5.0084
20210730.12,121.796,32.0089,5.0816,-1.8421,3.9977,0.25897,2.4002,175,39.4268,168.101,5.0084,2.4002,2.4002,5.0084
20210730.13,121.796,32.0089,5.0816,-1.2351,4.266,0.26169,2.2597,175,39.2981,163.643,5.0084,2.2597,2.2597,5.0084
20210730.14,121.796,32.0089,5.0816,-0.8707,4.338,0.26617,2.147,175,39.0702,159.34,5.0084,2.147,2.147,5.0084
20210730.15,121.796,32.0089,5.0816,-0.5101,4.362,0.27197,2.0681,175,38.7649,155.504,5.0084,2.0681,2.0681,5.0084
20210730.16,121.796,32.0089,5.0816,-0.4025,3.7291,0.27625,2.0324,175,37.9611,153.269,5.0084,2.0324,2.0324,5.0084
20210730.17,121.796,32.0089,5.0816,-0.6149,2.9732,0.27382,2.0483,175,36.279,153.513,5.0084,2.0483,2.0483,5.0084
20210730.18,121.796,32.0089,5.0816,-0.694,2.5661,0.2672,2.0837,175,34.7324,154.621,5.0084,2.0837,2.0837,5.0084
20210730.19,121.796,32.0089,5.0816,-0.7276,1.7392,0.2561,2.1426,175,33.4639,156.296,5.0084,2.1426,2.1426,5.0084
20210730.2,121.796,32.0089,5.0816,-1.1147,0.735,0.24288,2.2139,175,32.0895,158.254,4.5556,2.2139,2.2139,4.5556
20210730.21,121.796,32.0089,5.0816,-1.5653,0.0308,0.22839,2.2871,175,30.6748,160.441,4.5556,2.2871,2.2871,4.5556
20210730.22,121.796,32.0089,5.0816,-1.753,-0.3535,0.21457,2.3518,175,29.4609,162.564,4.5556,2.3518,2.3518,4.5556
20210730.23,121.796,32.0089,5.0816,-1.7636,-1.7716,0.20266,2.3893,175,28.6555,164.66,4.5556,2.3893,2.3893,4.5556
20210731,121.796,32.0089,5.0816,-1.8368,-2.5601,0.1938,2.3768,175,28.5549,167.015,4.5556,2.3768,2.3768,4.5556
20210731.01,121.796,32.0089,5.0816,-2.8463,-2.9823,0.19063,2.2557,175,29.507,170.224,4.1436,2.2557,2.2557,4.1436
20210731.02,121.796,32.0089,5.0816,-3.3089,-2.129,0.19491,2.0559,175,30.7592,173.522,4.1436,2.0559,2.0559,4.1436
20210731.03,121.796,32.0089,5.0816,-3.4157,-2.0679,0.20472,1.9175,175,31.6271,175.887,3.769,1.9175,1.9175,3.769
20210731.04,121.796,32.0089,5.0816,-3.3654,-1.9896,0.21428,1.8854,175,31.8328,177.995,3.769,1.8854,1.8854,3.769
20210731.05,121.796,32.0089,5.0816,-3.4953,-1.3086,0.22296,1.8813,175,30.9764,180.035,3.769,1.8813,1.8813,3.769
20210731.06,121.796,32.0089,5.0816,-3.126,-0.3341,0.22842,1.8994,175,30.4399,181.129,3.769,1.8994,1.8994,3.769
20210731.07,121.796,32.0089,5.0816,-3.2648,-0.5078,0.22997,1.9185,175,29.6953,181.701,3.4282,1.9185,1.9185,3.4282
20210731.08,121.796,32.0089,5.0816,-2.967,0.1606,0.22884,1.9423,175,29.1528,181.746,3.4282,1.9423,1.9423,3.4282
20210731.09,121.796,32.0089,5.0816,-2.4897,0.5328,0.22345,1.9889,175,29.1037,181.794,3.4282,1.9889,1.9889,3.4282
20210731.1,121.796,32.0089,5.0816,-2.6635,0.4273,0.21791,2.0252,175,28.8061,181.632,3.4282,2.0252,2.0252,3.4282
20210731.11,121.796,32.0089,5.0816,-2.9097,1.9621,0.21908,1.9938,175,28.7298,178.979,3.4282,1.9938,1.9938,3.4282
20210731.12,121.796,32.0089,5.0816,-2.7316,4.2051,0.22635,1.932,175,29.1186,174.127,3.4282,1.932,1.932,3.4282
20210731.13,121.796,32.0089,5.0816,-1.7682,4.9835,0.23139,1.8948,175,30.1981,169.337,3.4282,1.8948,1.8948,3.4282
20210731.14,121.796,32.0089,5.0816,-0.7612,5.162,0.23103,1.8642,175,32.0619,164.648,2.1344,1.8642,1.8642,2.1344
20210731.15,121.796,32.0089,5.0816,-0.2103,4.8565,0.2238,1.832,175,34.357,160.102,2.1344,1.832,1.832,2.1344
20210731.16,121.796,32.0089,5.0816,-0.1041,4.2594,0.21466,1.8001,175,35.8965,155.896,2.3465,1.8001,1.8001,2.3465
20210731.17,121.796,32.0089,5.0816,-0.092,3.9853,0.20872,1.7734,175,36.5764,151.472,2.3465,1.7734,1.7734,2.3465
20210731.18,121.796,32.0089,5.0816,-0.365,3.7776,0.20368,1.7678,175,36.1455,148.206,2.3465,1.7678,1.7678,2.3465
20210731.19,121.796,32.0089,5.0816,-0.5699,3.3573,0.19595,1.7679,175,34.5453,147.139,2.3465,1.7679,1.7679,2.3465
20210731.2,121.796,32.0089,5.0816,-0.5476,4.0215,0.19913,1.7236,135,33.8812,142.196,2.5798,1.7236,1.7236,2.5798
20210731.21,121.796,32.0089,5.0816,-0.3474,4.1223,0.20276,1.7074,135,32.4499,138.769,2.5798,1.7074,1.7074,2.5798
20210731.22,121.796,32.0089,5.0816,0.0575,2.9143,0.19369,1.7501,145,30.3364,139.143,2.5798,1.7501,1.7501,2.5798
20210731.23,121.796,32.0089,5.0816,-0.161,2.3571,0.18185,1.8217,145,27.4565,139.946,2.8363,1.8217,1.8217,2.8363
20210715,121.798,32.0109,5.2241,-0.8926,7.7101,0.01838,1.6134,95,31.5043,96.597,1.9414,1.6134,1.6134,1.9414
20210715.01,121.798,32.0109,5.2241,-1.4979,7.4089,0.06914,1.257,85,30.3271,101.411,1.9414,1.257,1.257,1.9414
20210715.02,121.798,32.0109,5.2241,-2.4344,7.3369,0.11224,1.3103,145,31.5374,108.151,1.9414,1.3103,1.3103,1.9414
20210715.03,121.798,32.0109,5.2241,-2.9496,7.7528,0.15432,1.3891,145,31.9351,113.733,1.9414,1.3891,1.3891,1.9414
20210715.04,121.798,32.0109,5.2241,-2.8415,8.0653,0.19702,1.4741,145,31.8615,118.588,1.9414,1.4741,1.4741,1.9414
20210715.05,121.798,32.0109,5.2241,-2.9627,8.0964,0.23773,1.5839,145,30.792,123.422,2.1344,1.5839,1.5839,2.1344
20210715.06,121.798,32.0109,5.2241,-3.0147,8.0471,0.27495,1.721,145,29.0089,126.967,2.3465,1.721,1.721,2.3465
20210715.07,121.798,32.0109,5.2241,-2.8465,7.8396,0.30963,1.8433,145,27.4809,128.66,2.5798,1.8433,1.8433,2.5798
20210715.08,121.798,32.0109,5.2241,-2.7854,7.4519,0.33907,1.9786,145,26.1262,130.224,2.8363,1.9786,1.9786,2.8363
20210715.09,121.798,32.0109,5.2241,-3.1198,7.019,0.36819,2.0929,145,24.8979,132.48,2.8363,2.0929,2.0929,2.8363
20210715.1,121.798,32.0109,5.2241,-2.8591,6.0339,0.37946,2.2071,125,23.8304,133.889,2.8363,2.2071,2.2071,2.8363
20210715.11,121.798,32.0109,5.2241,-3.7058,6.7059,0.41708,2.2834,145,23.1431,135.663,3.1182,2.2834,2.2834,3.1182
20210715.12,121.798,32.0109,5.2241,-4.3537,7.3752,0.46398,2.3777,145,22.918,137.349,3.1182,2.3777,2.3777,3.1182
20210715.13,121.798,32.0109,5.2241,-5.1854,7.7035,0.51415,2.4771,145,22.8464,139.269,3.1182,2.4771,2.4771,3.1182
20210715.14,121.798,32.0109,5.2241,-4.8014,7.9119,0.54486,2.5837,145,22.9033,140.429,3.1182,2.5837,2.5837,3.1182
20210715.15,121.798,32.0109,5.2241,-4.238,7.8364,0.56611,2.6892,155,23.009,141.015,3.1182,2.6892,2.6892,3.1182
20210715.16,121.798,32.0109,5.2241,-3.4584,7.9217,0.57466,2.7828,155,23.2152,141.301,3.4282,2.7828,2.7828,3.4282
20210715.17,121.798,32.0109,5.2241,-3.0753,7.8112,0.5769,2.8519,155,23.4762,141.992,3.4282,2.8519,2.8519,3.4282
20210715.18,121.798,32.0109,5.2241,-2.914,7.5282,0.57362,2.8888,145,23.6117,142.512,3.4282,2.8888,2.8888,3.4282
20210715.19,121.798,32.0109,5.2241,-3.1514,7.5906,0.58004,2.8932,145,23.6173,142.852,3.769,2.8932,2.8932,3.769
20210715.2,121.798,32.0109,5.2241,-3.1976,7.7566,0.58312,2.8809,145,23.7478,142.874,3.769,2.8809,2.8809,3.769
20210715.21,121.798,32.0109,5.2241,-3.0871,7.506,0.56902,2.8718,145,23.9922,142.662,3.769,2.8718,2.8718,3.769
20210715.22,121.798,32.0109,5.2241,-2.5815,6.6809,0.52998,2.8418,145,24.4021,142.328,3.769,2.8418,2.8418,3.769
20210715.23,121.798,32.0109,5.2241,-3.5282,6.2676,0.5212,2.7728,145,23.4881,142.349,3.769,2.7728,2.7728,3.769
20210716,121.798,32.0109,5.2241,-3.97,6.1034,0.51457,2.7324,145,22.7662,142.333,3.769,2.7324,2.7324,3.769
20210716.01,121.798,32.0109,5.2241,-4.2551,6.4134,0.52114,2.6836,145,22.2666,142.025,3.4282,2.6836,2.6836,3.4282
20210716.02,121.798,32.0109,5.2241,-4.2552,6.4784,0.52122,2.6856,145,22.0276,141.749,3.4282,2.6856,2.6856,3.4282
20210716.03,121.798,32.0109,5.2241,-4.3642,6.2559,0.51883,2.6805,145,21.7665,141.895,3.4282,2.6805,2.6805,3.4282
20210716.04,121.798,32.0109,5.2241,-4.5619,6.039,0.51772,2.6847,145,21.6409,142.206,3.4282,2.6847,2.6847,3.4282
20210716.05,121.798,32.0109,5.2241,-4.5245,6.0144,0.51576,2.6852,145,21.6054,142.479,3.4282,2.6852,2.6852,3.4282
20210716.06,121.798,32.0109,5.2241,-4.868,5.6713,0.51606,2.6915,145,21.5753,143.182,3.4282,2.6915,2.6915,3.4282
20210716.07,121.798,32.0109,5.2241,-5.2337,5.5794,0.52556,2.6992,145,21.5028,144.089,3.4282,2.6992,2.6992,3.4282
20210716.08,121.798,32.0109,5.2241,-5.3003,5.7465,0.53416,2.72,145,21.6944,144.809,3.4282,2.72,2.72,3.4282
20210716.09,121.798,32.0109,5.2241,-4.9114,5.7684,0.52924,2.7369,145,22.0717,145.123,3.4282,2.7369,2.7369,3.4282
20210716.1,121.798,32.0109,5.2241,-3.4076,6.4383,0.50486,2.7381,145,23.037,144.292,3.4282,2.7381,2.7381,3.4282
20210716.11,121.798,32.0109,5.2241,-3.0731,5.4117,0.47227,2.7224,145,23.6786,144.7,3.4282,2.7224,2.7224,3.4282
20210716.12,121.798,32.0109,5.2241,-3.4919,5.073,0.4557,2.6715,145,23.8005,145.526,3.4282,2.6715,2.6715,3.4282
20210716.13,121.798,32.0109,5.2241,-4.2639,5.0437,0.46183,2.6143,145,23.3685,146.35,3.4282,2.6143,2.6143,3.4282
20210716.14,121.798,32.0109,5.2241,-4.4441,4.9783,0.45988,2.5825,145,23.3689,146.889,3.4282,2.5825,2.5825,3.4282
20210716.15,121.798,32.0109,5.2241,-4.6192,5.2631,0.468,2.5606,145,23.438,146.831,3.4282,2.5606,2.5606,3.4282
20210716.16,121.798,32.0109,5.2241,-5.0449,5.5253,0.48479,2.5777,145,23.2143,147.22,3.4282,2.5777,2.5777,3.4282
20210716.17,121.798,32.0109,5.2241,-5.5821,5.8998,0.51395,2.6098,155,23.1285,147.658,3.4282,2.6098,2.6098,3.4282
20210716.18,121.798,32.0109,5.2241,-5.8051,6.3614,0.5457,2.6687,155,23.1578,148.183,3.4282,2.6687,2.6687,3.4282
20210716.19,121.798,32.0109,5.2241,-5.7987,6.73,0.5736,2.7359,155,23.4141,148.63,3.4282,2.7359,2.7359,3.4282
20210716.2,121.798,32.0109,5.2241,-5.1886,6.755,0.5788,2.8043,155,23.9019,149.089,3.4282,2.8043,2.8043,3.4282
20210716.21,121.798,32.0109,5.2241,-4.1401,6.6486,0.5642,2.8641,155,24.64,149.216,3.4282,2.8641,2.8641,3.4282
20210716.22,121.798,32.0109,5.2241,-3.299,6.0438,0.53915,2.9091,155,25.4103,150.098,3.4282,2.9091,2.9091,3.4282
20210716.23,121.798,32.0109,5.2241,-3.011,5.4916,0.51932,2.9348,155,25.8488,151.308,3.4282,2.9348,2.9348,3.4282
20210717,121.798,32.0109,5.2241,-3.5182,5.2137,0.50994,2.8971,165,25.8746,152.464,4.1436,2.8971,2.8971,4.1436
20210717.01,121.798,32.0109,5.2241,-4.3265,4.9643,0.50822,2.8463,165,25.5148,153.288,4.1436,2.8463,2.8463,4.1436
20210717.02,121.798,32.0109,5.2241,-4.8414,4.9603,0.51048,2.769,165,25.2393,153.26,3.4282,2.769,2.769,3.4282
20210717.03,121.798,32.0109,5.2241,-4.8551,4.7795,0.49889,2.721,165,25.3181,153.016,3.4282,2.721,2.721,3.4282
20210717.04,121.798,32.0109,5.2241,-5.5788,4.4234,0.50277,2.6742,165,24.636,153.087,3.4282,2.6742,2.6742,3.4282
20210717.05,121.798,32.0109,5.2241,-6.2195,4.3455,0.51582,2.6661,165,24.1315,153.458,3.4282,2.6661,2.6661,3.4282
20210717.06,121.798,32.0109,5.2241,-6.3258,4.5879,0.53042,2.6788,165,23.893,153.799,3.4282,2.6788,2.6788,3.4282
20210717.07,121.798,32.0109,5.2241,-5.2709,4.8156,0.5106,2.7173,165,24.4854,153.732,3.4282,2.7173,2.7173,3.4282
20210717.08,121.798,32.0109,5.2241,-4.8723,4.5918,0.49071,2.7226,165,24.9796,154.131,3.4282,2.7226,2.7226,3.4282
20210717.09,121.798,32.0109,5.2241,-4.6726,4.4574,0.47616,2.7076,165,25.3484,154.52,3.4282,2.7076,2.7076,3.4282
20210717.1,121.798,32.0109,5.2241,-4.5902,3.3029,0.44552,2.6941,175,25.4885,156.331,3.4282,2.6941,2.6941,3.4282
20210717.11,121.798,32.0109,5.2241,-4.8115,3.0014,0.42774,2.6238,175,25.0699,157.742,3.4282,2.6238,2.6238,3.4282
20210717.12,121.798,32.0109,5.2241,-5.1636,2.961,0.42477,2.5447,175,24.5396,158.234,3.4282,2.5447,2.5447,3.4282
20210717.13,121.798,32.0109,5.2241,-5.5552,3.0183,0.43134,2.4834,165,24.2799,158.299,3.1182,2.4834,2.4834,3.1182
20210717.14,121.798,32.0109,5.2241,-5.7668,2.951,0.43661,2.4745,175,24.1551,158.755,3.1182,2.4745,2.4745,3.1182
20210717.15,121.798,32.0109,5.2241,-5.5716,3.1751,0.4365,2.4833,175,24.2318,158.934,3.1182,2.4833,2.4833,3.1182
20210717.16,121.798,32.0109,5.2241,-5.2644,3.358,0.43319,2.5126,175,24.3864,159.126,3.1182,2.5126,2.5126,3.1182
20210717.17,121.798,32.0109,5.2241,-4.954,3.5588,0.42642,2.5235,175,24.8359,159.281,3.1182,2.5235,2.5235,3.1182
20210717.18,121.798,32.0109,5.2241,-4.2512,3.752,0.40908,2.5431,175,25.5524,159.312,3.1182,2.5431,2.5431,3.1182
20210717.19,121.798,32.0109,5.2241,-3.7533,3.593,0.38792,2.525,175,26.2649,159.657,3.1182,2.525,2.525,3.1182
20210717.2,121.798,32.0109,5.2241,-3.7799,3.3196,0.3731,2.4878,175,26.3672,160.004,3.1182,2.4878,2.4878,3.1182
20210717.21,121.798,32.0109,5.2241,-3.6736,3.0786,0.35562,2.4238,175,26.4175,160.296,3.1182,2.4238,2.4238,3.1182
20210717.22,121.798,32.0109,5.2241,-3.0849,2.6004,0.32568,2.4035,175,26.5617,161.232,3.1182,2.4035,2.4035,3.1182
20210717.23,121.798,32.0109,5.2241,-3.8175,2.0306,0.31082,2.2781,175,25.7037,162.061,3.1182,2.2781,2.2781,3.1182
20210718,121.798,32.0109,5.2241,-4.2535,1.8502,0.30371,2.1531,175,25.065,162.581,3.1182,2.1531,2.1531,3.1182
20210718.01,121.798,32.0109,5.2241,-4.0068,2.0014,0.29124,2.0745,175,25.36,162.207,3.1182,2.0745,2.0745,3.1182
20210718.02,121.798,32.0109,5.2241,-3.8103,1.9025,0.27432,2.0142,175,25.8109,162.085,2.8363,2.0142,2.0142,2.8363
20210718.03,121.798,32.0109,5.2241,-3.7232,1.6217,0.25841,1.9504,175,26.0564,162.376,2.8363,1.9504,1.9504,2.8363
20210718.04,121.798,32.0109,5.2241,-3.7714,1.2149,0.24531,1.8882,175,26.2082,163.614,2.5798,1.8882,1.8882,2.5798
20210718.05,121.798,32.0109,5.2241,-3.8709,0.9539,0.23565,1.8401,175,26.1404,165.21,2.5798,1.8401,1.8401,2.5798
20210718.06,121.798,32.0109,5.2241,-4.3816,0.888,0.24149,1.8077,175,25.7025,166.609,2.3465,1.8077,1.8077,2.3465
20210718.07,121.798,32.0109,5.2241,-5.1291,0.8475,0.26004,1.817,175,25.4464,167.73,2.3465,1.817,1.817,2.3465
20210718.08,121.798,32.0109,5.2241,-5.8128,0.7822,0.28436,1.8635,175,25.3457,168.717,2.3465,1.8635,1.8635,2.3465
20210718.09,121.798,32.0109,5.2241,-6.1473,1.1838,0.30788,1.9397,175,25.2958,168.637,2.3465,1.9397,1.9397,2.3465
20210718.1,121.798,32.0109,5.2241,-5.8799,1.7713,0.32415,2.0243,175,25.2392,167.858,2.5798,2.0243,2.0243,2.5798
20210718.11,121.798,32.0109,5.2241,-5.6319,2.2037,0.33733,2.113,175,25.3061,166.691,2.5798,2.113,2.113,2.5798
20210718.12,121.798,32.0109,5.2241,-4.7854,2.8862,0.33855,2.1864,155,25.7797,164.966,2.5798,2.1864,2.1864,2.5798
20210718.13,121.798,32.0109,5.2241,-3.9901,3.3386,0.33377,2.2465,155,26.6546,163.176,2.5798,2.2465,2.2465,2.5798
20210718.14,121.798,32.0109,5.2241,-3.318,3.4274,0.3248,2.2856,155,27.5507,162.301,2.8363,2.2856,2.2856,2.8363
20210718.15,121.798,32.0109,5.2241,-3.0273,3.0699,0.3121,2.3112,155,28.0782,162.053,3.1182,2.3112,2.3112,3.1182
20210718.16,121.798,32.0109,5.2241,-3.3133,2.6078,0.30383,2.2888,155,27.6246,162.259,3.1182,2.2888,2.2888,3.1182
20210718.17,121.798,32.0109,5.2241,-3.3212,2.618,0.29463,2.2414,175,27.4011,161.749,3.1182,2.2414,2.2414,3.1182
20210718.18,121.798,32.0109,5.2241,-3.6215,2.5066,0.28933,2.16,175,26.6906,161.207,3.1182,2.16,2.16,3.1182
20210718.19,121.798,32.0109,5.2241,-4.2053,2.4877,0.29743,2.0706,175,25.8459,160.13,2.8363,2.0706,2.0706,2.8363
20210718.2,121.798,32.0109,5.2241,-4.5287,2.6773,0.3087,2.0482,175,25.1995,159.373,2.8363,2.0482,2.0482,2.8363
20210718.21,121.798,32.0109,5.2241,-4.4032,2.6163,0.30949,2.0566,175,25.2198,159.034,2.5798,2.0566,2.0566,2.5798
20210718.22,121.798,32.0109,5.2241,-3.5443,2.692,0.28932,2.0867,175,25.8139,159.064,2.8363,2.0867,2.0867,2.8363
20210718.23,121.798,32.0109,5.2241,-4.0025,2.1237,0.28837,2.0701,175,25.4443,160.427,2.8363,2.0701,2.0701,2.8363
20210719,121.798,32.0109,5.2241,-4.1617,2.0247,0.29043,2.0725,175,25.2042,161.649,2.8363,2.0725,2.0725,2.8363
20210719.01,121.798,32.0109,5.2241,-4.1646,1.9486,0.29017,2.0698,175,25.1984,162.627,2.8363,2.0698,2.0698,2.8363
20210719.02,121.798,32.0109,5.2241,-4.4466,1.8931,0.29755,2.0736,175,24.8642,163.498,2.8363,2.0736,2.0736,2.8363
20210719.03,121.798,32.0109,5.2241,-4.9812,1.6768,0.31445,2.0799,175,24.6099,164.44,2.8363,2.0799,2.0799,2.8363
20210719.04,121.798,32.0109,5.2241,-5.4523,1.6912,0.33638,2.1221,175,24.1673,165.454,2.8363,2.1221,2.1221,2.8363
20210719.05,121.798,32.0109,5.2241,-5.408,2.2178,0.35145,2.1796,175,24.2182,165.196,2.8363,2.1796,2.1796,2.8363
20210719.06,121.798,32.0109,5.2241,-5.1894,2.6649,0.35908,2.242,175,24.3815,164.719,2.8363,2.242,2.242,2.8363
20210719.07,121.798,32.0109,5.2241,-5.0776,3.175,0.36923,2.2827,175,24.8445,163.617,2.8363,2.2827,2.2827,2.8363
20210719.08,121.798,32.0109,5.2241,-4.8829,3.4605,0.37462,2.311,175,25.4135,162.645,2.8363,2.311,2.311,2.8363
20210719.09,121.798,32.0109,5.2241,-4.6217,3.3073,0.37063,2.3278,175,25.9885,162.394,2.8363,2.3278,2.3278,2.8363
20210719.1,121.798,32.0109,5.2241,-3.9591,2.9264,0.35143,2.3505,175,26.551,162.973,3.1182,2.3505,2.3505,3.1182
20210719.11,121.798,32.0109,5.2241,-4.4941,2.7233,0.35482,2.3213,175,26.1362,162.831,3.1182,2.3213,2.3213,3.1182
20210719.12,121.798,32.0109,5.2241,-5.385,3.554,0.3872,2.3018,175,25.4343,161.319,3.1182,2.3018,2.3018,3.1182
20210719.13,121.798,32.0109,5.2241,-4.9957,3.6349,0.39414,2.3346,175,25.7834,160.566,3.1182,2.3346,2.3346,3.1182
20210719.14,121.798,32.0109,5.2241,-4.8254,3.3972,0.39312,2.3701,175,25.9932,160.95,3.1182,2.3701,2.3701,3.1182
20210719.15,121.798,32.0109,5.2241,-4.7832,3.3681,0.39794,2.413,175,25.9758,161.4,3.1182,2.413,2.413,3.1182
20210719.16,121.798,32.0109,5.2241,-5.1036,3.4806,0.41629,2.4411,175,25.8576,161.738,3.1182,2.4411,2.4411,3.1182
20210719.17,121.798,32.0109,5.2241,-5.1313,3.6715,0.42967,2.4986,175,25.9769,162.079,3.1182,2.4986,2.4986,3.1182
20210719.18,121.798,32.0109,5.2241,-5.3615,3.6952,0.44732,2.5415,175,25.9556,162.587,3.1182,2.5415,2.5415,3.1182
20210719.19,121.798,32.0109,5.2241,-5.4143,3.3467,0.45647,2.5904,175,25.9489,163.558,3.4282,2.5904,2.5904,3.4282
20210719.2,121.798,32.0109,5.2241,-5.7132,3.0657,0.47072,2.6319,175,25.5959,164.71,3.4282,2.6319,2.6319,3.4282
20210719.21,121.798,32.0109,5.2241,-6.2231,2.7568,0.49181,2.6673,175,25.0916,165.887,3.4282,2.6673,2.6673,3.4282
20210719.22,121.798,32.0109,5.2241,-5.9566,1.8848,0.49047,2.7267,175,24.7223,168.284,3.4282,2.7267,2.7267,3.4282
20210719.23,121.798,32.0109,5.2241,-6.7464,2.1124,0.52028,2.7573,175,23.9028,169.614,3.4282,2.7573,2.7573,3.4282
20210720,121.798,32.0109,5.2241,-6.7181,2.7326,0.54131,2.8229,175,23.8014,170.059,3.4282,2.8229,2.8229,3.4282
20210720.01,121.798,32.0109,5.2241,-6.5156,3.1293,0.55273,2.8813,175,24.0322,170.218,3.769,2.8813,2.8813,3.769
20210720.02,121.798,32.0109,5.2241,-6.4799,3.1165,0.56144,2.933,175,24.0846,170.521,3.769,2.933,2.933,3.769
20210720.03,121.798,32.0109,5.2241,-6.3077,2.7009,0.56072,2.9692,175,24.0731,171.191,3.769,2.9692,2.9692,3.769
20210720.04,121.798,32.0109,5.2241,-6.3981,2.4666,0.56278,2.987,175,23.8055,171.705,3.769,2.987,2.987,3.769
20210720.05,121.798,32.0109,5.2241,-6.8053,2.4308,0.57484,2.9794,175,23.5525,171.867,3.769,2.9794,2.9794,3.769
20210720.06,121.798,32.0109,5.2241,-7.1643,2.3004,0.58885,2.9822,175,23.2475,172.099,3.769,2.9822,2.9822,3.769
20210720.07,121.798,32.0109,5.2241,-7.2328,2.1111,0.59629,2.9959,175,23.0678,172.542,3.769,2.9959,2.9959,3.769
20210720.08,121.798,32.0109,5.2241,-7.1714,2.0408,0.60054,3.0131,175,22.9304,172.863,3.769,3.0131,3.0131,3.769
20210720.09,121.798,32.0109,5.2241,-7.0272,1.9655,0.59932,3.0415,175,22.7608,173.324,3.769,3.0415,3.0415,3.769
20210720.1,121.798,32.0109,5.2241,-6.8533,1.6213,0.59508,3.0681,175,22.5218,174.05,3.769,3.0681,3.0681,3.769
20210720.11,121.798,32.0109,5.2241,-7.405,1.7784,0.61491,3.0755,175,22.1829,174.177,3.769,3.0755,3.0755,3.769
20210720.12,121.798,32.0109,5.2241,-7.3386,1.9958,0.62683,3.109,175,22.1248,174.302,3.769,3.109,3.109,3.769
20210720.13,121.798,32.0109,5.2241,-7.3533,2.0528,0.63613,3.1479,175,22.0556,174.433,3.769,3.1479,3.1479,3.769
20210720.14,121.798,32.0109,5.2241,-7.0576,2.0829,0.63537,3.1828,175,22.0687,174.708,3.769,3.1828,3.1828,3.769
20210720.15,121.798,32.0109,5.2241,-6.937,1.8861,0.63107,3.2088,175,22.0434,175.053,3.769,3.2088,3.2088,3.769
20210720.16,121.798,32.0109,5.2241,-7.5322,1.986,0.65013,3.191,175,21.9469,174.891,3.769,3.191,3.191,3.769
20210720.17,121.798,32.0109,5.2241,-7.8656,2.2407,0.67243,3.2031,175,21.9004,174.568,3.769,3.2031,3.2031,3.769
20210720.18,121.798,32.0109,5.2241,-7.4398,2.2289,0.6694,3.2445,175,21.9881,174.776,3.769,3.2445,3.2445,3.769
20210720.19,121.798,32.0109,5.2241,-6.5416,1.8229,0.64165,3.2933,175,22.101,175.476,4.1436,3.2933,3.2933,4.1436
20210720.2,121.798,32.0109,5.2241,-5.9052,1.1224,0.60813,3.3321,175,21.8566,176.702,4.1436,3.3321,3.3321,4.1436
20210720.21,121.798,32.0109,5.2241,-5.6858,0.2105,0.57852,3.3481,175,21.5044,177.95,4.1436,3.3481,3.3481,4.1436
20210720.22,121.798,32.0109,5.2241,-4.9736,-0.3067,0.54379,3.3735,175,21.2147,178.965,4.1436,3.3735,3.3735,4.1436
20210720.23,121.798,32.0109,5.2241,-5.5235,-1.1182,0.52613,3.2533,175,21.1379,179.988,4.1436,3.2533,3.2533,4.1436
20210721,121.798,32.0109,5.2241,-5.9338,-1.4704,0.51844,3.0647,175,21.4304,181.004,3.769,3.0647,3.0647,3.769
20210721.01,121.798,32.0109,5.2241,-6.1798,-1.0195,0.51537,2.9075,175,22.109,181.724,3.769,2.9075,2.9075,3.769
20210721.02,121.798,32.0109,5.2241,-6.1167,-1.0184,0.50804,2.8263,175,22.9419,182.49,3.769,2.8263,2.8263,3.769
20210721.03,121.798,32.0109,5.2241,-5.7971,-1.5467,0.49354,2.788,175,23.7164,183.934,3.4282,2.788,2.788,3.4282
20210721.04,121.798,32.0109,5.2241,-5.4398,-1.9818,0.47852,2.774,175,24.5842,185.705,3.4282,2.774,2.774,3.4282
20210721.05,121.798,32.0109,5.2241,-5.3035,-2.3354,0.46854,2.7426,175,25.3447,187.602,3.4282,2.7426,2.7426,3.4282
20210721.06,121.798,32.0109,5.2241,-5.0001,-2.8797,0.46163,2.7254,175,26.3445,189.873,3.4282,2.7254,2.7254,3.4282
20210721.07,121.798,32.0109,5.2241,-4.6863,-3.3435,0.45859,2.7168,175,27.2583,192.439,3.4282,2.7168,2.7168,3.4282
20210721.08,121.798,32.0109,5.2241,-4.55,-3.7283,0.46714,2.7292,175,28.0811,195.04,3.4282,2.7292,2.7292,3.4282
20210721.09,121.798,32.0109,5.2241,-4.8094,-3.9583,0.49248,2.7562,175,28.4707,197.194,3.1182,2.7562,2.7562,3.1182
20210721.1,121.798,32.0109,5.2241,-4.5856,-2.9195,0.50464,2.8683,175,28.1743,196.515,3.1182,2.8683,2.8683,3.1182
20210721.11,121.798,32.0109,5.2241,-5.7624,-2.7508,0.53949,2.8977,175,27.6001,196.176,3.1182,2.8977,2.8977,3.1182
20210721.12,121.798,32.0109,5.2241,-6.4343,-1.9986,0.57336,2.942,175,26.9136,194.525,3.1182,2.942,2.942,3.1182
20210721.13,121.798,32.0109,5.2241,-6.7917,-1.4623,0.60356,2.9994,175,26.3274,192.621,3.1182,2.9994,2.9994,3.1182
20210721.14,121.798,32.0109,5.2241,-7.1206,-1.1845,0.6309,3.0665,175,25.7498,190.654,3.1182,3.0665,3.0665,3.1182
20210721.15,121.798,32.0109,5.2241,-7.0625,-1.1786,0.65035,3.1512,175,25.3235,189.157,3.4282,3.1512,3.1512,3.4282
20210721.16,121.798,32.0109,5.2241,-6.9214,-1.2646,0.66371,3.2429,175,24.8862,188.08,3.4282,3.2429,3.2429,3.4282
20210721.17,121.798,32.0109,5.2241,-7.0813,-1.1322,0.68115,3.3117,175,24.3111,187.084,3.4282,3.3117,3.3117,3.4282
20210721.18,121.798,32.0109,5.2241,-7.2821,-0.9979,0.69878,3.3676,175,23.816,186.272,3.4282,3.3676,3.3676,3.4282
20210721.19,121.798,32.0109,5.2241,-7.1706,-1.1558,0.70892,3.4256,175,23.459,185.99,3.769,3.4256,3.4256,3.769
20210721.2,121.798,32.0109,5.2241,-7.0306,-1.497,0.7149,3.4816,185,23.1132,186.115,3.769,3.4816,3.4816,3.769
20210721.21,121.798,32.0109,5.2241,-6.9709,-1.939,0.72054,3.5186,185,22.9927,186.546,3.769,3.5186,3.5186,3.769
20210721.22,121.798,32.0109,5.2241,-6.6002,-2.2873,0.71646,3.5668,185,22.9824,187.277,3.769,3.5668,3.5668,3.769
20210721.23,121.798,32.0109,5.2241,-7.1509,-2.3274,0.73014,3.5477,185,23.0373,187.703,6.6554,3.5477,3.5477,6.6554
20210722,121.798,32.0109,5.2241,-7.8473,-2.0532,0.7591,3.5187,185,23.0166,187.593,6.6554,3.5187,3.5187,6.6554
20210722.01,121.798,32.0109,5.2241,-7.7478,-1.9644,0.7754,3.5406,185,23.0415,187.704,6.6554,3.5406,3.5406,6.6554
20210722.02,121.798,32.0109,5.2241,-7.5303,-2.3288,0.7809,3.5937,185,23.1594,188.083,3.769,3.5937,3.5937,3.769
20210722.03,121.798,32.0109,5.2241,-7.8753,-2.1187,0.79887,3.6055,185,23.208,188.171,3.769,3.6055,3.6055,3.769
20210722.04,121.798,32.0109,5.2241,-7.8842,-1.7299,0.8073,3.6387,185,23.2067,187.916,3.769,3.6387,3.6387,3.769
20210722.05,121.798,32.0109,5.2241,-7.3337,-1.7536,0.79798,3.6806,185,23.2853,188.269,3.769,3.6806,3.6806,3.769
20210722.06,121.798,32.0109,5.2241,-7.1135,-1.7351,0.78503,3.7177,185,23.3046,188.449,6.6554,3.7177,3.7177,6.6554
20210722.07,121.798,32.0109,5.2241,-7.0786,-1.7159,0.77842,3.7123,185,23.2815,188.73,6.6554,3.7123,3.7123,6.6554
20210722.08,121.798,32.0109,5.2241,-7.2196,-1.6527,0.77453,3.7082,185,23.2533,188.618,6.6554,3.7082,3.7082,6.6554
20210722.09,121.798,32.0109,5.2241,-7.2856,-1.7735,0.77701,3.6846,185,23.1743,188.711,6.6554,3.6846,3.6846,6.6554
20210722.1,121.798,32.0109,5.2241,-7.7115,-1.544,0.7909,3.6644,185,23.1334,188.212,6.6554,3.6644,3.6644,6.6554
20210722.11,121.798,32.0109,5.2241,-7.6315,-0.8223,0.80002,3.668,185,22.9516,187.46,6.6554,3.668,3.668,6.6554
20210722.12,121.798,32.0109,5.2241,-7.2222,-0.8581,0.79557,3.7128,185,22.8205,187.001,6.6554,3.7128,3.7128,6.6554
20210722.13,121.798,32.0109,5.2241,-7.5525,-0.7384,0.8049,3.7234,185,22.5752,186.425,6.6554,3.7234,3.7234,6.6554
20210722.14,121.798,32.0109,5.2241,-7.3805,-0.8677,0.80611,3.761,185,22.373,186.077,6.6554,3.761,3.761,6.6554
20210722.15,121.798,32.0109,5.2241,-7.4536,-0.907,0.80936,3.7796,185,22.1818,185.95,6.6554,3.7796,3.7796,6.6554
20210722.16,121.798,32.0109,5.2241,-7.5802,-1.0278,0.81451,3.7866,185,22.1182,185.842,6.6554,3.7866,3.7866,6.6554
20210722.17,121.798,32.0109,5.2241,-7.6019,-1.2626,0.81897,3.7962,185,21.9764,186.022,6.6554,3.7962,3.7962,6.6554
20210722.18,121.798,32.0109,5.2241,-7.6029,-1.656,0.82183,3.8027,185,22.0149,186.282,6.6554,3.8027,3.8027,6.6554
20210722.19,121.798,32.0109,5.2241,-7.713,-1.987,0.82976,3.8041,185,22.0222,186.663,6.6554,3.8041,3.8041,6.6554
20210722.2,121.798,32.0109,5.2241,-7.9889,-2.1398,0.84414,3.7961,185,22.1259,186.92,6.6554,3.7961,3.7961,6.6554
20210722.21,121.798,32.0109,5.2241,-7.8883,-2.5099,0.85429,3.8086,185,22.2348,187.378,7.3171,3.8086,3.8086,7.3171
20210722.22,121.798,32.0109,5.2241,-7.5479,-2.4871,0.85354,3.837,185,22.4148,187.866,7.3171,3.837,3.837,7.3171
20210722.23,121.798,32.0109,5.2241,-8.2339,-2.7873,0.87443,3.8289,185,22.5007,188.053,4.1436,3.8289,3.8289,4.1436
20210723,121.798,32.0109,5.2241,-8.8537,-2.9323,0.90718,3.8118,185,22.7043,188.3,4.1436,3.8118,3.8118,4.1436
20210723.01,121.798,32.0109,5.2241,-8.3894,-3.5095,0.91913,3.8477,185,22.9417,189.09,4.1436,3.8477,3.8477,4.1436
20210723.02,121.798,32.0109,5.2241,-7.8449,-3.7271,0.9152,3.8937,185,23.2808,190.027,4.1436,3.8937,3.8937,4.1436
20210723.03,121.798,32.0109,5.2241,-8.1391,-3.3848,0.9204,3.9116,185,23.3895,190.476,4.1436,3.9116,3.9116,4.1436
20210723.04,121.798,32.0109,5.2241,-7.9189,-3.1538,0.91475,3.9219,185,23.5737,190.972,4.1436,3.9219,3.9219,4.1436
20210723.05,121.798,32.0109,5.2241,-7.4133,-3.3465,0.89678,3.9418,185,23.8128,191.669,4.1436,3.9418,3.9418,4.1436
20210723.06,121.798,32.0109,5.2241,-7.7565,-3.2287,0.89287,3.9134,185,23.9591,192.146,4.1436,3.9134,3.9134,4.1436
20210723.07,121.798,32.0109,5.2241,-7.6953,-3.115,0.88768,3.8973,185,24.0467,192.493,4.1436,3.8973,3.8973,4.1436
20210723.08,121.798,32.0109,5.2241,-7.2615,-2.9714,0.8717,3.8955,185,24.1806,192.865,4.1436,3.8955,3.8955,4.1436
20210723.09,121.798,32.0109,5.2241,-6.8076,-3.1601,0.85065,3.9082,185,24.3105,193.195,7.3171,3.9082,3.9082,7.3171
20210723.1,121.798,32.0109,5.2241,-6.861,-2.65,0.83691,3.8921,185,24.3617,193.167,7.3171,3.8921,3.8921,7.3171
20210723.11,121.798,32.0109,5.2241,-7.2352,-3.2052,0.83763,3.8533,185,24.3755,193.141,7.3171,3.8533,3.8533,7.3171
20210723.12,121.798,32.0109,5.2241,-7.2455,-3.4603,0.84178,3.8155,185,24.468,193.382,7.3171,3.8155,3.8155,7.3171
20210723.13,121.798,32.0109,5.2241,-7.2404,-3.6435,0.84717,3.8092,185,24.5809,193.409,7.3171,3.8092,3.8092,7.3171
20210723.14,121.798,32.0109,5.2241,-7.7831,-3.4913,0.86704,3.7834,185,24.565,193.219,7.3171,3.7834,3.7834,7.3171
20210723.15,121.798,32.0109,5.2241,-8.7391,-2.8163,0.89988,3.7731,185,24.4407,192.094,7.3171,3.7731,3.7731,7.3171
20210723.16,121.798,32.0109,5.2241,-8.6752,-2.7249,0.92195,3.8032,185,24.2293,191.194,3.769,3.8032,3.8032,3.769
20210723.17,121.798,32.0109,5.2241,-8.3123,-3.3481,0.93344,3.867,185,24.2777,191.03,4.1436,3.867,3.867,4.1436
20210723.18,121.798,32.0109,5.2241,-8.1792,-4.055,0.94634,3.9128,185,24.2571,191.321,4.1436,3.9128,3.9128,4.1436
20210723.19,121.798,32.0109,5.2241,-8.6259,-4.1813,0.96896,3.935,185,24.3104,191.543,4.1436,3.935,3.935,4.1436
20210723.2,121.798,32.0109,5.2241,-9.1783,-4.6106,1.00354,3.9413,185,24.3357,192.103,4.1436,3.9413,3.9413,4.1436
20210723.21,121.798,32.0109,5.2241,-9.5331,-4.4157,1.03634,3.9647,185,24.3776,192.27,4.1436,3.9647,3.9647,4.1436
20210723.22,121.798,32.0109,5.2241,-9.2883,-3.7769,1.05196,4.0318,185,24.1708,192.224,4.1436,4.0318,4.0318,4.1436
20210723.23,121.798,32.0109,5.2241,-10.2702,-3.4017,1.09229,4.0593,185,24.0703,191.779,4.1436,4.0593,4.0593,4.1436
20210724,121.798,32.0109,5.2241,-9.9925,-3.2601,1.11428,4.1313,185,23.8417,191.552,4.5556,4.1313,4.1313,4.5556
20210724.01,121.798,32.0109,5.2241,-10.0397,-3.0598,1.13478,4.1962,185,23.6147,191.34,4.5556,4.1962,4.1962,4.5556
20210724.02,121.798,32.0109,5.2241,-10.2118,-2.9514,1.16021,4.2616,185,23.2997,191.088,4.5556,4.2616,4.2616,4.5556
20210724.03,121.798,32.0109,5.2241,-9.6713,-3.0504,1.16972,4.3354,185,22.9849,191.147,4.5556,4.3354,4.3354,4.5556
20210724.04,121.798,32.0109,5.2241,-8.8056,-3.6287,1.15374,4.4066,185,22.8374,191.634,4.5556,4.4066,4.4066,4.5556
20210724.05,121.798,32.0109,5.2241,-9.0294,-4.2822,1.15055,4.4113,185,22.8359,192.3,4.5556,4.4113,4.4113,4.5556
20210724.06,121.798,32.0109,5.2241,-9.278,-4.3226,1.15105,4.3938,185,22.9808,192.788,4.5556,4.3938,4.3938,4.5556
20210724.07,121.798,32.0109,5.2241,-9.2663,-4.8288,1.1524,4.3653,185,23.261,193.697,4.5556,4.3653,4.3653,4.5556
20210724.08,121.798,32.0109,5.2241,-9.627,-4.974,1.16602,4.3338,185,23.5065,194.301,4.5556,4.3338,4.3338,4.5556
20210724.09,121.798,32.0109,5.2241,-9.6665,-4.5197,1.17752,4.337,185,23.5024,194.524,4.5556,4.337,4.337,4.5556
20210724.1,121.798,32.0109,5.2241,-9.0527,-4.7102,1.17238,4.3639,185,23.6611,194.848,4.5556,4.3639,4.3639,4.5556
20210724.11,121.798,32.0109,5.2241,-10.2948,-4.9051,1.21082,4.3504,185,23.6767,194.761,4.5556,4.3504,4.3504,4.5556
20210724.12,121.798,32.0109,5.2241,-9.9058,-5.2633,1.23021,4.3877,185,23.7786,194.967,4.5556,4.3877,4.3877,4.5556
20210724.13,121.798,32.0109,5.2241,-9.7539,-5.8838,1.24691,4.4264,185,23.937,195.515,4.5556,4.4264,4.4264,4.5556
20210724.14,121.798,32.0109,5.2241,-9.4352,-6.2428,1.25836,4.4595,185,24.1624,196.211,4.5556,4.4595,4.4595,4.5556
20210724.15,121.798,32.0109,5.2241,-9.4594,-6.7001,1.27223,4.475,185,24.4894,197.093,4.5556,4.475,4.475,4.5556
20210724.16,121.798,32.0109,5.2241,-9.7094,-7.3371,1.29306,4.4607,185,24.8298,198.148,5.0084,4.4607,4.4607,5.0084
20210724.17,121.798,32.0109,5.2241,-9.9004,-8.0551,1.31552,4.435,185,25.3159,199.492,5.0084,4.435,4.435,5.0084
20210724.18,121.798,32.0109,5.2241,-10.3124,-8.416,1.34328,4.4038,185,25.7447,200.728,5.0084,4.4038,4.4038,5.0084
20210724.19,121.798,32.0109,5.2241,-10.3758,-9.1151,1.36672,4.3935,185,26.2913,201.872,5.0084,4.3935,4.3935,5.0084
20210724.2,121.798,32.0109,5.2241,-10.1595,-9.6567,1.38684,4.4049,185,26.7297,202.964,5.0084,4.4049,4.4049,5.0084
20210724.21,121.798,32.0109,5.2241,-10.851,-10.7181,1.42947,4.4079,185,27.2773,204.076,5.0084,4.4079,4.4079,5.0084
20210724.22,121.798,32.0109,5.2241,-12.6221,-9.7726,1.48631,4.4399,185,27.361,203.982,5.0084,4.4399,4.4399,5.0084
20210724.23,121.798,32.0109,5.2241,-12.1854,-10.4067,1.5267,4.498,185,27.5917,204.352,5.0084,4.498,4.498,5.0084
20210725,121.798,32.0109,5.2241,-12.8566,-9.4476,1.57143,4.5678,185,27.5505,204.244,5.0084,4.5678,4.5678,5.0084
20210725.01,121.798,32.0109,5.2241,-14.4921,-9.4364,1.63541,4.625,185,27.5032,203.699,5.0084,4.625,4.625,5.0084
20210725.02,121.798,32.0109,5.2241,-15.3498,-8.3715,1.69266,4.7108,185,27.2972,202.891,5.0084,4.7108,4.7108,5.0084
20210725.03,121.798,32.0109,5.2241,-15.4228,-7.2602,1.73899,4.8118,185,26.9976,201.978,5.0084,4.8118,4.8118,5.0084
20210725.04,121.798,32.0109,5.2241,-15.6863,-6.6633,1.78301,4.9071,185,26.6848,201.248,5.5063,4.9071,4.9071,5.5063
20210725.05,121.798,32.0109,5.2241,-15.5185,-6.3519,1.8154,5.0109,185,26.308,200.531,5.5063,5.0109,5.0109,5.5063
20210725.06,121.798,32.0109,5.2241,-14.6905,-6.3579,1.84096,5.1202,185,25.8799,200.045,5.5063,5.1202,5.1202,5.5063
20210725.07,121.798,32.0109,5.2241,-15.0003,-6.249,1.86901,5.2151,185,25.4311,199.468,5.5063,5.2152,5.2152,5.5063
20210725.08,121.798,32.0109,5.2241,-15.1907,-6.8634,1.89665,5.3005,185,25.0058,198.929,5.5063,5.3005,5.3005,5.5063
20210725.09,121.798,32.0109,5.2241,-15.3092,-7.3944,1.9204,5.3814,185,24.6018,198.462,5.5063,5.3814,5.3814,5.5063
20210725.1,121.798,32.0109,5.2241,-16.3464,-7.0309,1.94483,5.4531,185,24.2292,197.979,6.0537,5.4531,5.4531,6.0537
20210725.11,121.798,32.0109,5.2241,-15.779,-7.4577,1.95958,5.5303,185,23.9007,197.639,6.0537,5.5303,5.5303,6.0537
20210725.12,121.798,32.0109,5.2241,-16.1108,-7.2776,1.97463,5.605,185,23.5774,197.323,6.0537,5.605,5.605,6.0537
20210725.13,121.798,32.0109,5.2241,-17.0913,-5.3831,1.99025,5.6776,185,23.2278,196.817,6.0537,5.6776,5.6776,6.0537
20210725.14,121.798,32.0109,5.2241,-16.3615,-4.5082,1.99918,5.7616,185,22.8469,196.255,6.0537,5.7616,5.7616,6.0537
20210725.15,121.798,32.0109,5.2241,-15.9389,-3.8486,2.00835,5.8544,185,22.4066,195.649,6.6554,5.8544,5.8544,6.6554
20210725.16,121.798,32.0109,5.2241,-15.9197,-2.639,2.01839,5.9541,185,21.9098,195.002,6.6554,5.9541,5.9541,6.6554
20210725.17,121.798,32.0109,5.2241,-16.5766,-1.6169,2.03031,6.0488,185,21.3994,194.364,6.6554,6.0488,6.0488,6.6554
20210725.18,121.798,32.0109,5.2241,-16.7308,-0.9597,2.03919,6.1376,185,20.9121,193.807,6.6554,6.1376,6.1376,6.6554
20210725.19,121.798,32.0109,5.2241,-16.4867,-1.4584,2.04532,6.2189,185,20.4582,193.39,6.6554,6.2189,6.2189,6.6554
20210725.2,121.798,32.0109,5.2241,-16.0364,-1.4203,2.04859,6.2936,185,20.0397,193.083,6.6554,6.2936,6.2936,6.6554
20210725.21,121.798,32.0109,5.2241,-16.1288,-0.7883,2.05208,6.3559,185,19.6644,192.826,6.6554,6.3559,6.3559,6.6554
20210725.22,121.798,32.0109,5.2241,-16.349,1.4187,2.05463,6.4047,185,19.346,192.535,8.8441,6.4047,6.4047,8.8441
20210725.23,121.798,32.0109,5.2241,-16.1434,1.1226,2.05565,6.444,185,19.0769,192.278,8.8441,6.444,6.444,8.8441
20210726,121.798,32.0109,5.2241,-16.3202,1.576,2.05702,6.4695,185,18.8546,192.004,8.8441,6.4695,6.4695,8.8441
20210726.01,121.798,32.0109,5.2241,-16.3499,2.3555,2.05769,6.4854,185,18.6752,191.711,8.8441,6.4854,6.4854,8.8441
20210726.02,121.798,32.0109,5.2241,-16.1576,3.3513,2.05767,6.4966,185,18.5303,191.401,8.8441,6.4966,6.4966,8.8441
20210726.03,121.798,32.0109,5.2241,-15.6168,4.7125,2.0571,6.5114,185,18.4071,191.078,8.8441,6.5114,6.5114,8.8441
20210726.04,121.798,32.0109,5.2241,-14.8107,5.2408,2.05608,6.5386,185,18.2754,190.793,8.8441,6.5386,6.5386,8.8441
20210726.05,121.798,32.0109,5.2241,-14.4458,5.7716,2.05642,6.5724,185,18.1473,190.542,8.8441,6.5724,6.5724,8.8441
20210726.06,121.798,32.0109,5.2241,-14.2325,7.0831,2.05641,6.605,185,18.0451,190.317,8.8441,6.605,6.605,8.8441
20210726.07,121.798,32.0109,5.2241,-13.4154,7.517,2.05219,6.6381,185,17.9667,190.161,8.8441,6.6381,6.6381,8.8441
20210726.08,121.798,32.0109,5.2241,-12.7502,6.6835,2.04478,6.664,185,17.9069,190.082,8.8441,6.664,6.664,8.8441
20210726.09,121.798,32.0109,5.2241,-13.1844,6.4962,2.03852,6.6634,185,17.8975,189.984,8.8441,6.6634,6.6634,8.8441
20210726.1,121.798,32.0109,5.2241,-14.1783,6.0649,2.0353,6.6327,185,17.9359,189.81,8.8441,6.6327,6.6327,8.8441
20210726.11,121.798,32.0109,5.2241,-14.4734,6.0929,2.03162,6.5862,185,18.0039,189.57,8.0444,6.5862,6.5862,8.0444
20210726.12,121.798,32.0109,5.2241,-13.5856,6.0247,2.02335,6.548,185,18.0601,189.366,8.0444,6.548,6.548,8.0444
20210726.13,121.798,32.0109,5.2241,-12.4893,5.3225,2.01184,6.5258,185,18.0798,189.28,8.0444,6.5258,6.5258,8.0444
20210726.14,121.798,32.0109,5.2241,-12.9494,6.4976,2.00552,6.4952,185,18.1338,189.167,8.0444,6.4952,6.4952,8.0444
20210726.15,121.798,32.0109,5.2241,-12.5289,7.2564,1.99531,6.4664,185,18.2301,189.031,8.0444,6.4664,6.4664,8.0444
20210726.16,121.798,32.0109,5.2241,-12.4904,7.3671,1.98391,6.429,185,18.3649,188.842,8.0444,6.429,6.429,8.0444
20210726.17,121.798,32.0109,5.2241,-13.1839,7.378,1.97783,6.373,185,18.5281,188.533,8.0444,6.373,6.373,8.0444
20210726.18,121.798,32.0109,5.2241,-13.5903,7.9124,1.97605,6.3083,185,18.702,188.119,8.0444,6.3083,6.3083,8.0444
20210726.19,121.798,32.0109,5.2241,-12.4729,8.3072,1.96707,6.2681,185,18.8392,187.81,8.0444,6.2681,6.2681,8.0444
20210726.2,121.798,32.0109,5.2241,-11.2991,9.6131,1.95431,6.2452,185,19.007,187.601,8.0444,6.2452,6.2452,8.0444
20210726.21,121.798,32.0109,5.2241,-10.4927,10.4313,1.93991,6.2315,185,19.2336,187.424,8.0444,6.2315,6.2315,8.0444
20210726.22,121.798,32.0109,5.2241,-7.6905,11.1949,1.90966,6.2433,185,19.5023,187.429,8.0444,6.2433,6.2433,8.0444
20210726.23,121.798,32.0109,5.2241,-9.3396,9.5858,1.8864,6.2269,185,19.7844,187.2,8.0444,6.2269,6.2269,8.0444
20210727,121.798,32.0109,5.2241,-10.4185,8.6402,1.86442,6.1689,185,20.105,186.657,8.0444,6.1689,6.1689,8.0444
20210727.01,121.798,32.0109,5.2241,-11.1858,8.0589,1.84714,6.071,185,20.433,185.88,7.3171,6.071,6.071,7.3171
20210727.02,121.798,32.0109,5.2241,-10.8991,7.8123,1.82579,5.9788,185,20.6671,185.221,7.3171,5.9788,5.9788,7.3171
20210727.03,121.798,32.0109,5.2241,-10.7411,8.9857,1.81376,5.8813,185,21.0036,184.446,7.3171,5.8813,5.8813,7.3171
20210727.04,121.798,32.0109,5.2241,-9.6646,9.103,1.79211,5.8455,185,21.2476,184.107,7.3171,5.8455,5.8455,7.3171
20210727.05,121.798,32.0109,5.2241,-9.0829,9.1871,1.77461,5.8331,185,21.5262,183.935,7.3171,5.8331,5.8331,7.3171
20210727.06,121.798,32.0109,5.2241,-9.7222,9.5298,1.77434,5.8113,185,21.7677,183.682,7.3171,5.8113,5.8113,7.3171
20210727.07,121.798,32.0109,5.2241,-10.1137,8.1504,1.77019,5.7968,185,21.8531,183.709,7.3171,5.7968,5.7968,7.3171
20210727.08,121.798,32.0109,5.2241,-10.4315,7.7133,1.76303,5.7742,185,21.8715,183.795,7.3171,5.7742,5.7742,7.3171
20210727.09,121.798,32.0109,5.2241,-10.7208,7.3849,1.75782,5.7301,185,21.9054,183.771,7.3171,5.7301,5.7301,7.3171
20210727.1,121.798,32.0109,5.2241,-10.9547,6.7591,1.75208,5.6936,185,21.8068,183.849,7.3171,5.6936,5.6936,7.3171
20210727.11,121.798,32.0109,5.2241,-11.1168,6.5842,1.75012,5.6527,185,21.7218,183.878,7.3171,5.6527,5.6527,7.3171
20210727.12,121.798,32.0109,5.2241,-11.138,6.8279,1.74896,5.6264,185,21.6157,183.953,7.3171,5.6263,5.6263,7.3171
20210727.13,121.798,32.0109,5.2241,-10.5668,7.3281,1.74072,5.6143,185,21.6515,184.075,7.3171,5.6143,5.6143,7.3171
20210727.14,121.798,32.0109,5.2241,-10.3243,7.5832,1.73104,5.6138,185,21.7129,184.296,7.3171,5.6138,5.6138,7.3171
20210727.15,121.798,32.0109,5.2241,-10.2323,7.5943,1.71857,5.6023,185,21.8654,184.469,7.3171,5.6023,5.6023,7.3171
20210727.16,121.798,32.0109,5.2241,-10.1108,7.3464,1.69627,5.5838,185,22.0048,184.643,7.3171,5.5838,5.5838,7.3171
20210727.17,121.798,32.0109,5.2241,-9.8515,7.3894,1.66561,5.5437,185,22.2197,184.635,7.3171,5.5437,5.5437,7.3171
20210727.18,121.798,32.0109,5.2241,-9.456,7.8416,1.62962,5.4914,185,22.4994,184.429,6.6554,5.4914,5.4914,6.6554
20210727.19,121.798,32.0109,5.2241,-9.0117,8.3532,1.58979,5.4285,185,22.8603,184.083,6.6554,5.4285,5.4285,6.6554
20210727.2,121.798,32.0109,5.2241,-8.7781,8.2603,1.5501,5.3666,185,23.1924,183.682,6.6554,5.3666,5.3666,6.6554
20210727.21,121.798,32.0109,5.2241,-8.7326,8.1136,1.5132,5.296,185,23.4457,183.276,6.6554,5.296,5.296,6.6554
20210727.22,121.798,32.0109,5.2241,-8.6012,7.3898,1.47325,5.2415,185,23.6183,183.019,6.6554,5.2415,5.2415,6.6554
20210727.23,121.798,32.0109,5.2241,-8.2422,7.9384,1.43932,5.174,185,23.9142,182.611,6.6554,5.174,5.174,6.6554
20210728,121.798,32.0109,5.2241,-8.2035,7.5847,1.41134,5.1304,185,24.1906,182.473,6.6554,5.1304,5.1304,6.6554
20210728.01,121.798,32.0109,5.2241,-8.336,6.7081,1.39157,5.1056,185,24.1986,182.876,6.6554,5.1056,5.1056,6.6554
20210728.02,121.798,32.0109,5.2241,-8.5365,6.8876,1.38361,5.073,185,24.4541,182.972,6.6554,5.073,5.073,6.6554
20210728.03,121.798,32.0109,5.2241,-8.2015,7.0557,1.36676,5.0454,185,24.671,183.244,6.6554,5.0454,5.0454,6.6554
20210728.04,121.798,32.0109,5.2241,-7.5565,7.6036,1.34119,5.0291,185,25.0857,183.405,6.6554,5.0291,5.0291,6.6554
20210728.05,121.798,32.0109,5.2241,-7.4979,7.7144,1.32079,4.9839,185,25.4606,183.254,6.6554,4.9839,4.9839,6.6554
20210728.06,121.798,32.0109,5.2241,-7.6653,7.748,1.30304,4.9409,185,25.7677,182.999,6.6554,4.9409,4.9409,6.6554
20210728.07,121.798,32.0109,5.2241,-7.7793,7.6875,1.2877,4.879,185,26.0857,182.536,6.0537,4.879,4.879,6.0537
20210728.08,121.798,32.0109,5.2241,-7.8465,7.0794,1.26416,4.8432,185,26.1785,182.462,6.0537,4.8432,4.8432,6.0537
20210728.09,121.798,32.0109,5.2241,-7.1339,7.4804,1.23597,4.801,185,26.5608,182.172,6.0537,4.801,4.801,6.0537
20210728.1,121.798,32.0109,5.2241,-6.8738,6.7797,1.19865,4.7905,185,26.6189,182.514,6.0537,4.7905,4.7905,6.0537
20210728.11,121.798,32.0109,5.2241,-7.1597,6.5686,1.178,4.7343,185,26.8064,182.215,6.0537,4.7343,4.7343,6.0537
20210728.12,121.798,32.0109,5.2241,-7.0455,6.7414,1.1545,4.6959,185,26.9684,182.142,6.0537,4.6959,4.6959,6.0537
20210728.13,121.798,32.0109,5.2241,-6.4436,7.5367,1.13277,4.6382,185,27.4928,181.67,6.0537,4.6382,4.6382,6.0537
20210728.14,121.798,32.0109,5.2241,-6.1463,7.4603,1.10682,4.6014,185,27.8286,181.437,6.0537,4.6014,4.6014,6.0537
20210728.15,121.798,32.0109,5.2241,-5.6594,7.7803,1.08268,4.5537,185,28.2214,181.022,6.0537,4.5537,4.5537,6.0537
20210728.16,121.798,32.0109,5.2241,-5.5746,8.2993,1.06861,4.4861,185,28.7468,179.991,6.0537,4.4861,4.4861,6.0537
20210728.17,121.798,32.0109,5.2241,-5.7003,8.3878,1.05994,4.4014,185,29.2325,178.788,6.0537,4.4014,4.4014,6.0537
20210728.18,121.798,32.0109,5.2241,-5.7039,8.4565,1.05382,4.3278,185,29.6716,177.477,6.0537,4.3278,4.3278,6.0537
20210728.19,121.798,32.0109,5.2241,-5.4683,8.5364,1.04188,4.2783,185,30.0014,176.586,6.0537,4.2783,4.2783,6.0537
20210728.2,121.798,32.0109,5.2241,-5.1849,8.4866,1.0258,4.2492,185,30.2482,175.929,6.0537,4.2492,4.2492,6.0537
20210728.21,121.798,32.0109,5.2241,-4.5749,8.4818,1.0025,4.2305,185,30.5133,175.649,5.5063,4.2305,4.2305,5.5063
20210728.22,121.798,32.0109,5.2241,-4.0863,7.4591,0.96319,4.2555,185,30.505,176.467,5.5063,4.2555,4.2555,5.5063
20210728.23,121.798,32.0109,5.2241,-4.0422,7.9448,0.94404,4.2074,185,30.7324,175.947,5.5063,4.2074,4.2074,5.5063
20210729,121.798,32.0109,5.2241,-3.728,8.7119,0.93181,4.1314,185,31.2409,174.835,5.5063,4.1314,4.1314,5.5063
20210729.01,121.798,32.0109,5.2241,-3.2621,8.5009,0.9079,4.1021,185,31.6191,174.603,5.5063,4.1021,4.1021,5.5063
20210729.02,121.798,32.0109,5.2241,-2.8139,8.5383,0.88859,4.0503,185,32.0291,173.916,5.5063,4.0503,4.0503,5.5063
20210729.03,121.798,32.0109,5.2241,-2.7458,8.1717,0.8632,4.0191,185,32.1084,173.59,5.5063,4.0191,4.0191,5.5063
20210729.04,121.798,32.0109,5.2241,-2.966,7.8588,0.84338,3.953,185,32.1112,172.382,5.5063,3.953,3.953,5.5063
20210729.05,121.798,32.0109,5.2241,-3.0178,7.4104,0.81567,3.9158,185,31.7477,171.626,5.5063,3.9158,3.9158,5.5063
20210729.06,121.798,32.0109,5.2241,-2.7101,7.2069,0.78738,3.8642,185,31.5742,170.518,5.5063,3.8642,3.8642,5.5063
20210729.07,121.798,32.0109,5.2241,-2.2704,6.7898,0.75108,3.8329,185,31.2411,170.058,5.5063,3.8329,3.8329,5.5063
20210729.08,121.798,32.0109,5.2241,-2.2625,6.1467,0.71356,3.8073,185,30.7316,169.846,5.5063,3.8073,3.8073,5.5063
20210729.09,121.798,32.0109,5.2241,-0.9653,6.2788,0.67172,3.7804,185,30.753,170.013,5.5063,3.7804,3.7804,5.5063
20210729.1,121.798,32.0109,5.2241,-0.2846,5.3351,0.62786,3.8047,185,30.2581,171.135,5.5063,3.8047,3.8047,5.5063
20210729.11,121.798,32.0109,5.2241,-0.3323,5.1246,0.59165,3.7858,185,29.917,172.01,5.0084,3.7858,3.7858,5.0084
20210729.12,121.798,32.0109,5.2241,-0.1465,5.1412,0.56424,3.7054,185,30.1852,172.245,5.0084,3.7054,3.7054,5.0084
20210729.13,121.798,32.0109,5.2241,0.1138,4.7464,0.53907,3.6681,185,30.1732,172.963,5.0084,3.6681,3.6681,5.0084
20210729.14,121.798,32.0109,5.2241,0.7419,4.1656,0.51597,3.6854,185,29.8473,174.095,5.0084,3.6854,3.6854,5.0084
20210729.15,121.798,32.0109,5.2241,1.5931,3.3594,0.49474,3.734,185,29.2069,175.321,5.0084,3.734,3.734,5.0084
20210729.16,121.798,32.0109,5.2241,2.4223,2.4193,0.47388,3.8085,185,28.2532,176.523,5.0084,3.8085,3.8085,5.0084
20210729.17,121.798,32.0109,5.2241,2.966,1.3349,0.45298,3.903,185,26.9452,177.64,5.0084,3.903,3.903,5.0084
20210729.18,121.798,32.0109,5.2241,3.0825,0.6583,0.43276,3.9926,185,25.6079,178.542,5.0084,3.9926,3.9926,5.0084
20210729.19,121.798,32.0109,5.2241,3.1946,0.3506,0.41412,4.0425,185,24.631,179.17,5.0084,4.0425,4.0425,5.0084
20210729.2,121.798,32.0109,5.2241,3.2201,0.1447,0.39769,4.064,185,23.9511,179.648,5.0084,4.064,4.064,5.0084
20210729.21,121.798,32.0109,5.2241,3.2972,0.1103,0.38432,4.056,185,23.7107,180.025,5.0084,4.056,4.056,5.0084
20210729.22,121.798,32.0109,5.2241,2.8484,0.4081,0.37383,4.029,185,23.7048,180.373,5.0084,4.029,4.029,5.0084
20210729.23,121.798,32.0109,5.2241,2.7392,0.4529,0.36569,3.9548,185,24.4812,180.719,5.0084,3.9548,3.9548,5.0084
20210730,121.798,32.0109,5.2241,2.7262,0.3365,0.35877,3.8246,185,26.3057,181.095,5.0084,3.8246,3.8246,5.0084
20210730.01,121.798,32.0109,5.2241,2.5638,0.656,0.35221,3.6403,175,29.2166,181.497,5.0084,3.6403,3.6403,5.0084
20210730.02,121.798,32.0109,5.2241,2.4464,0.9595,0.34557,3.4201,175,33.0624,181.879,5.0084,3.4201,3.4201,5.0084
20210730.03,121.798,32.0109,5.2241,2.2367,1.2107,0.33839,3.2007,175,37.2791,182.097,5.0084,3.2007,3.2007,5.0084
20210730.04,121.798,32.0109,5.2241,1.8363,1.6199,0.33031,3.0158,175,41.1615,181.818,5.0084,3.0158,3.0158,5.0084
20210730.05,121.798,32.0109,5.2241,1.4287,1.8726,0.32137,2.8685,175,44.2665,181.013,5.0084,2.8685,2.8685,5.0084
20210730.06,121.798,32.0109,5.2241,0.9941,1.7316,0.31088,2.7916,175,45.8951,180.117,5.0084,2.7916,2.7916,5.0084
20210730.07,121.798,32.0109,5.2241,0.2936,1.8834,0.2984,2.7983,175,45.4765,179.286,5.0084,2.7983,2.7983,5.0084
20210730.08,121.798,32.0109,5.2241,-0.6013,2.267,0.28668,2.8032,175,44.1568,178.132,5.0084,2.8032,2.8032,5.0084
20210730.09,121.798,32.0109,5.2241,-1.1917,2.8435,0.27798,2.7502,175,42.8887,176.184,5.0084,2.7502,2.7502,5.0084
20210730.1,121.798,32.0109,5.2241,-2.0971,2.613,0.2708,2.712,175,40.9731,174.276,5.0084,2.712,2.712,5.0084
20210730.11,121.798,32.0109,5.2241,-2.1408,3.4275,0.26865,2.5512,175,40.0552,170.893,5.0084,2.5512,2.5512,5.0084
20210730.12,121.798,32.0109,5.2241,-1.8431,4.0068,0.26999,2.377,175,39.474,166.845,5.0084,2.377,2.377,5.0084
20210730.13,121.798,32.0109,5.2241,-1.2357,4.2749,0.27261,2.2608,175,39.1832,162.819,5.0084,2.2608,2.2608,5.0084
20210730.14,121.798,32.0109,5.2241,-0.8715,4.3469,0.27706,2.1639,175,38.8677,159.001,5.0084,2.1639,2.1639,5.0084
20210730.15,121.798,32.0109,5.2241,-0.5136,4.3721,0.28349,2.0867,175,38.9109,155.214,5.0084,2.0867,2.0867,5.0084
20210730.16,121.798,32.0109,5.2241,-0.4041,3.7439,0.28637,2.0634,175,38.1315,153.373,5.0084,2.0634,2.0634,5.0084
20210730.17,121.798,32.0109,5.2241,-0.6183,2.9865,0.28323,2.0762,175,36.7213,153.495,5.0084,2.0762,2.0762,5.0084
20210730.18,121.798,32.0109,5.2241,-0.6986,2.5764,0.27467,2.1177,175,35.4384,154.454,5.0084,2.1177,2.1177,5.0084
20210730.19,121.798,32.0109,5.2241,-0.7323,1.7512,0.26136,2.1852,175,34.0373,156.293,5.0084,2.1852,2.1852,5.0084
20210730.2,121.798,32.0109,5.2241,-1.1211,0.751,0.24675,2.2474,175,32.8697,158.124,4.5556,2.2474,2.2474,4.5556
20210730.21,121.798,32.0109,5.2241,-1.5672,0.0455,0.2314,2.3207,175,31.4107,160.348,4.5556,2.3207,2.3207,4.5556
20210730.22,121.798,32.0109,5.2241,-1.7563,-0.3428,0.21743,2.3748,175,30.0405,162.605,4.5556,2.3748,2.3748,4.5556
20210730.23,121.798,32.0109,5.2241,-1.7584,-1.7637,0.20574,2.4164,175,28.8893,164.982,4.5556,2.4164,2.4164,4.5556
20210731,121.798,32.0109,5.2241,-1.8308,-2.5562,0.19788,2.3975,175,28.4507,167.62,4.1436,2.3975,2.3975,4.1436
20210731.01,121.798,32.0109,5.2241,-2.8433,-2.9776,0.19741,2.2418,175,28.8869,171.139,4.1436,2.2418,2.2418,4.1436
20210731.02,121.798,32.0109,5.2241,-3.3085,-2.1285,0.20406,2.0353,175,29.7571,174.329,4.1436,2.0353,2.0353,4.1436
20210731.03,121.798,32.0109,5.2241,-3.4157,-2.0658,0.21502,1.9223,175,30.5562,176.705,3.769,1.9223,1.9223,3.769
20210731.04,121.798,32.0109,5.2241,-3.3759,-1.9817,0.22476,1.8959,175,30.9721,178.884,3.769,1.8959,1.8959,3.769
20210731.05,121.798,32.0109,5.2241,-3.5057,-1.2954,0.23221,1.9041,175,30.3354,180.797,3.769,1.9041,1.9041,3.769
20210731.06,121.798,32.0109,5.2241,-3.136,-0.3258,0.23346,1.937,175,30.1517,181.232,3.4282,1.937,1.937,3.4282
20210731.07,121.798,32.0109,5.2241,-3.273,-0.5017,0.23412,1.9533,175,29.3152,181.792,3.4282,1.9533,1.9533,3.4282
20210731.08,121.798,32.0109,5.2241,-2.9766,0.1636,0.23042,1.9899,175,29.1961,181.695,3.4282,1.9899,1.9899,3.4282
20210731.09,121.798,32.0109,5.2241,-2.502,0.5394,0.22295,2.0613,175,29.0949,181.602,3.4282,2.0613,2.0613,3.4282
20210731.1,121.798,32.0109,5.2241,-2.6724,0.4348,0.21933,2.0734,175,28.4429,181.312,3.4282,2.0734,2.0734,3.4282
20210731.11,121.798,32.0109,5.2241,-2.9179,1.9707,0.22223,2.0177,175,28.3153,177.984,3.4282,2.0177,2.0177,3.4282
20210731.12,121.798,32.0109,5.2241,-2.7397,4.2198,0.23036,1.9341,175,28.695,172.977,3.4282,1.9341,1.9341,3.4282
20210731.13,121.798,32.0109,5.2241,-1.771,5.0026,0.2328,1.9004,175,30.0313,168.111,2.1344,1.9004,1.9004,2.1344
20210731.14,121.798,32.0109,5.2241,-0.763,5.1819,0.22822,1.8692,175,32.3739,163.039,2.1344,1.8692,1.8692,2.1344
20210731.15,121.798,32.0109,5.2241,-0.2104,4.8758,0.22063,1.8259,175,34.8207,157.562,2.3465,1.8259,1.8259,2.3465
20210731.16,121.798,32.0109,5.2241,-0.1068,4.277,0.21343,1.7897,175,36.2787,152.486,2.3465,1.7897,1.7897,2.3465
20210731.17,121.798,32.0109,5.2241,-0.0943,4.0045,0.20822,1.7809,175,36.5723,148.165,2.3465,1.7809,1.7809,2.3465
20210731.18,121.798,32.0109,5.2241,-0.3686,3.7943,0.20472,1.7684,175,35.9448,144.859,2.3465,1.7684,1.7684,2.3465
20210731.19,121.798,32.0109,5.2241,-0.5699,3.3763,0.19656,1.7678,135,34.4561,143.894,2.5798,1.7678,1.7678,2.5798
20210731.2,121.798,32.0109,5.2241,-0.5499,4.0368,0.20192,1.7218,135,33.2857,139.323,2.5798,1.7218,1.7218,2.5798
20210731.21,121.798,32.0109,5.2241,-0.3476,4.1382,0.20662,1.7112,135,31.9757,135.933,2.5798,1.7112,1.7112,2.5798
20210731.22,121.798,32.0109,5.2241,0.055,2.9334,0.19527,1.7586,145,30.0366,136.343,2.8363,1.7586,1.7586,2.8363
20210731.23,121.798,32.0109,5.2241,-0.1512,2.3785,0.18222,1.8195,135,27.2935,137.112,2.8363,1.8195,1.8195,2.8363
20210715,121.801,32.013,5.2084,-0.8978,7.7277,0.01843,1.6134,95,31.5043,96.62,1.9414,1.6134,1.6134,1.9414
20210715.01,121.801,32.013,5.2084,-1.5061,7.4269,0.06927,1.2816,85,29.9449,102.51,1.9414,1.2816,1.2816,1.9414
20210715.02,121.801,32.013,5.2084,-2.4432,7.356,0.11358,1.3398,145,31.0947,108.661,1.9414,1.3398,1.3398,1.9414
20210715.03,121.801,32.013,5.2084,-2.9553,7.7716,0.15687,1.4193,145,31.5396,113.919,1.9414,1.4193,1.4193,1.9414
20210715.04,121.801,32.013,5.2084,-2.8463,8.0834,0.20144,1.5077,145,31.4205,118.447,1.9414,1.5077,1.5077,1.9414
20210715.05,121.801,32.013,5.2084,-2.9673,8.1133,0.24366,1.6169,145,30.5076,122.853,2.1344,1.6169,1.6169,2.1344
20210715.06,121.801,32.013,5.2084,-3.0171,8.0628,0.28177,1.7457,145,28.9844,126.052,2.5798,1.7457,1.7457,2.5798
20210715.07,121.801,32.013,5.2084,-2.8489,7.8546,0.31682,1.8676,145,27.5605,127.837,2.5798,1.8676,1.8676,2.5798
20210715.08,121.801,32.013,5.2084,-2.7888,7.4675,0.34596,1.9984,145,26.3511,129.466,2.8363,1.9984,1.9984,2.8363
20210715.09,121.801,32.013,5.2084,-3.1251,7.0366,0.37427,2.1122,145,25.1924,131.729,2.8363,2.1122,2.1122,2.8363
20210715.1,121.801,32.013,5.2084,-2.8644,6.0528,0.38644,2.2268,125,24.1302,133.21,3.1182,2.2268,2.2268,3.1182
20210715.11,121.801,32.013,5.2084,-3.7112,6.7231,0.42388,2.31,145,23.376,135.112,3.1182,2.31,2.31,3.1182
20210715.12,121.801,32.013,5.2084,-4.3616,7.3897,0.47038,2.4058,145,23.0533,136.905,3.1182,2.4058,2.4058,3.1182
20210715.13,121.801,32.013,5.2084,-5.1945,7.7172,0.52095,2.5058,145,23.0339,138.842,3.1182,2.5058,2.5058,3.1182
20210715.14,121.801,32.013,5.2084,-4.8058,7.9259,0.55375,2.6212,145,23.1772,139.961,3.1182,2.6212,2.6212,3.1182
20210715.15,121.801,32.013,5.2084,-4.2442,7.8493,0.57516,2.7281,145,23.3168,140.786,3.1182,2.7281,2.7281,3.1182
20210715.16,121.801,32.013,5.2084,-3.4665,7.934,0.58427,2.8155,155,23.5485,141.139,3.4282,2.8155,2.8155,3.4282
20210715.17,121.801,32.013,5.2084,-3.0799,7.8242,0.58816,2.8796,145,23.819,141.87,3.4282,2.8796,2.8796,3.4282
20210715.18,121.801,32.013,5.2084,-2.9158,7.5405,0.58449,2.9181,145,23.9819,142.393,3.4282,2.9181,2.9181,3.4282
20210715.19,121.801,32.013,5.2084,-3.1565,7.6019,0.5893,2.9268,145,24.0176,142.783,3.769,2.9268,2.9268,3.769
20210715.2,121.801,32.013,5.2084,-3.2065,7.767,0.59191,2.9128,145,24.1454,142.806,3.769,2.9128,2.9128,3.769
20210715.21,121.801,32.013,5.2084,-3.0967,7.5164,0.57707,2.8993,145,24.3751,142.618,3.769,2.8993,2.8993,3.769
20210715.22,121.801,32.013,5.2084,-2.5903,6.693,0.53754,2.868,145,24.7906,142.314,3.769,2.868,2.868,3.769
20210715.23,121.801,32.013,5.2084,-3.5365,6.2782,0.52727,2.8005,145,23.9294,142.259,3.769,2.8005,2.8005,3.769
20210716,121.801,32.013,5.2084,-3.9774,6.11,0.52072,2.7497,145,23.2229,142.119,3.769,2.7497,2.7497,3.769
20210716.01,121.801,32.013,5.2084,-4.2614,6.4171,0.52608,2.7115,145,22.6302,141.804,3.4282,2.7115,2.7115,3.4282
20210716.02,121.801,32.013,5.2084,-4.2631,6.4805,0.52656,2.7042,145,22.3463,141.519,3.4282,2.7042,2.7042,3.4282
20210716.03,121.801,32.013,5.2084,-4.3738,6.259,0.52406,2.7001,145,22.101,141.628,3.4282,2.7001,2.7001,3.4282
20210716.04,121.801,32.013,5.2084,-4.5688,6.0468,0.52291,2.7005,145,21.9293,141.971,3.4282,2.7005,2.7005,3.4282
20210716.05,121.801,32.013,5.2084,-4.5316,6.0201,0.52059,2.7041,145,21.9114,142.23,3.4282,2.7041,2.7041,3.4282
20210716.06,121.801,32.013,5.2084,-4.8752,5.6759,0.52088,2.7026,145,21.8575,142.925,3.4282,2.7026,2.7026,3.4282
20210716.07,121.801,32.013,5.2084,-5.24,5.5833,0.52953,2.7137,145,21.7737,143.864,3.4282,2.7137,2.7137,3.4282
20210716.08,121.801,32.013,5.2084,-5.3094,5.7517,0.53862,2.7348,145,21.9071,144.615,3.4282,2.7348,2.7348,3.4282
20210716.09,121.801,32.013,5.2084,-4.9197,5.7763,0.53352,2.7538,145,22.304,145.001,3.4282,2.7538,2.7538,3.4282
20210716.1,121.801,32.013,5.2084,-3.4117,6.4431,0.50931,2.758,145,23.2696,144.212,3.4282,2.758,2.758,3.4282
20210716.11,121.801,32.013,5.2084,-3.0784,5.4166,0.47581,2.745,145,24.0177,144.663,3.4282,2.745,2.745,3.4282
20210716.12,121.801,32.013,5.2084,-3.5008,5.0783,0.4599,2.6891,145,24.1435,145.423,3.4282,2.6891,2.6891,3.4282
20210716.13,121.801,32.013,5.2084,-4.2698,5.0482,0.46576,2.6279,145,23.7604,146.104,3.4282,2.6279,2.6279,3.4282
20210716.14,121.801,32.013,5.2084,-4.4479,4.982,0.4636,2.5954,145,23.7381,146.615,3.4282,2.5954,2.5954,3.4282
20210716.15,121.801,32.013,5.2084,-4.6238,5.2655,0.47192,2.5719,145,23.7684,146.512,3.4282,2.5719,2.5719,3.4282
20210716.16,121.801,32.013,5.2084,-5.0507,5.5285,0.4888,2.5887,145,23.5474,146.86,3.4282,2.5887,2.5887,3.4282
20210716.17,121.801,32.013,5.2084,-5.5896,5.9019,0.5191,2.6192,145,23.3963,147.291,3.4282,2.6192,2.6192,3.4282
20210716.18,121.801,32.013,5.2084,-5.8156,6.3613,0.55044,2.6812,155,23.4217,147.853,3.4282,2.6812,2.6812,3.4282
20210716.19,121.801,32.013,5.2084,-5.8096,6.7303,0.57919,2.7491,155,23.6508,148.344,3.4282,2.7491,2.7491,3.4282
20210716.2,121.801,32.013,5.2084,-5.201,6.7562,0.58475,2.8222,155,24.1017,148.91,3.4282,2.8222,2.8222,3.4282
20210716.21,121.801,32.013,5.2084,-4.1541,6.6504,0.57009,2.8814,155,24.8597,149.132,3.4282,2.8814,2.8814,3.4282
20210716.22,121.801,32.013,5.2084,-3.3141,6.0448,0.54471,2.9319,155,25.5823,150.169,3.4282,2.9319,2.9319,3.4282
20210716.23,121.801,32.013,5.2084,-3.0253,5.4915,0.52484,2.9576,165,26.0585,151.358,3.4282,2.9576,2.9576,3.4282
20210717,121.801,32.013,5.2084,-3.5303,5.2063,0.51463,2.9214,145,26.1474,152.558,4.1436,2.9214,2.9214,4.1436
20210717.01,121.801,32.013,5.2084,-4.3381,4.9574,0.51277,2.864,165,25.8704,153.267,4.1436,2.864,2.864,4.1436
20210717.02,121.801,32.013,5.2084,-4.849,4.9552,0.51396,2.7846,165,25.5924,153.241,3.4282,2.7846,2.7846,3.4282
20210717.03,121.801,32.013,5.2084,-4.8636,4.7737,0.50282,2.7375,165,25.6216,152.967,3.4282,2.7375,2.7375,3.4282
20210717.04,121.801,32.013,5.2084,-5.5918,4.416,0.50598,2.6836,165,24.9582,152.996,3.4282,2.6836,2.6836,3.4282
20210717.05,121.801,32.013,5.2084,-6.2272,4.3393,0.51922,2.6744,165,24.422,153.297,3.4282,2.6744,2.6744,3.4282
20210717.06,121.801,32.013,5.2084,-6.3255,4.5839,0.53343,2.6895,165,24.1013,153.7,3.4282,2.6895,2.6895,3.4282
20210717.07,121.801,32.013,5.2084,-5.2698,4.813,0.51441,2.7245,165,24.6615,153.689,3.4282,2.7245,2.7245,3.4282
20210717.08,121.801,32.013,5.2084,-4.8745,4.5889,0.49395,2.7333,165,25.1821,154.136,3.4282,2.7333,2.7333,3.4282
20210717.09,121.801,32.013,5.2084,-4.678,4.4549,0.47916,2.7193,165,25.5555,154.516,3.4282,2.7193,2.7193,3.4282
20210717.1,121.801,32.013,5.2084,-4.5977,3.3028,0.44817,2.7058,175,25.6553,156.39,3.4282,2.7058,2.7058,3.4282
20210717.11,121.801,32.013,5.2084,-4.8201,3.0006,0.42989,2.6358,175,25.237,157.788,3.4282,2.6358,2.6358,3.4282
20210717.12,121.801,32.013,5.2084,-5.1745,2.9577,0.42655,2.5548,175,24.7313,158.191,3.4282,2.5548,2.5548,3.4282
20210717.13,121.801,32.013,5.2084,-5.5668,3.015,0.43246,2.4947,175,24.4747,158.231,3.1182,2.4947,2.4947,3.1182
20210717.14,121.801,32.013,5.2084,-5.7754,2.9494,0.43832,2.481,175,24.3408,158.588,3.1182,2.481,2.481,3.1182
20210717.15,121.801,32.013,5.2084,-5.5808,3.1734,0.43834,2.4921,175,24.3442,158.821,3.1182,2.4921,2.4921,3.1182
20210717.16,121.801,32.013,5.2084,-5.2754,3.3567,0.43601,2.5158,175,24.4969,158.962,3.1182,2.5158,2.5158,3.1182
20210717.17,121.801,32.013,5.2084,-4.9644,3.5583,0.4298,2.5251,175,24.9398,159.111,3.1182,2.5251,2.5251,3.1182
20210717.18,121.801,32.013,5.2084,-4.2615,3.7524,0.41285,2.5438,175,25.654,159.113,3.1182,2.5438,2.5438,3.1182
20210717.19,121.801,32.013,5.2084,-3.763,3.594,0.39096,2.5298,175,26.3814,159.537,3.1182,2.5298,2.5298,3.1182
20210717.2,121.801,32.013,5.2084,-3.7889,3.3202,0.37569,2.4942,175,26.5427,159.851,3.1182,2.4942,2.4942,3.1182
20210717.21,121.801,32.013,5.2084,-3.6826,3.0784,0.35781,2.4309,175,26.6297,160.168,3.1182,2.4309,2.4309,3.1182
20210717.22,121.801,32.013,5.2084,-3.0918,2.6008,0.32775,2.4106,175,26.6794,161.216,3.1182,2.4106,2.4106,3.1182
20210717.23,121.801,32.013,5.2084,-3.8246,2.0273,0.31234,2.2871,175,25.9587,161.945,3.1182,2.2871,2.2871,3.1182
20210718,121.801,32.013,5.2084,-4.2591,1.8451,0.30473,2.1566,175,25.3747,162.335,3.1182,2.1566,2.1566,3.1182
20210718.01,121.801,32.013,5.2084,-4.0093,1.9978,0.29208,2.0853,175,25.4894,162.106,3.1182,2.0853,2.0853,3.1182
20210718.02,121.801,32.013,5.2084,-3.811,1.8998,0.27515,2.0212,175,25.9478,161.976,2.8363,2.0212,2.0212,2.8363
20210718.03,121.801,32.013,5.2084,-3.725,1.6185,0.25903,1.9634,175,26.1137,162.35,2.8363,1.9634,1.9634,2.8363
20210718.04,121.801,32.013,5.2084,-3.7748,1.2089,0.24579,1.902,175,26.2042,163.556,2.5798,1.902,1.902,2.5798
20210718.05,121.801,32.013,5.2084,-3.8736,0.9464,0.23616,1.8511,175,26.2685,165.015,2.5798,1.8511,1.8511,2.5798
20210718.06,121.801,32.013,5.2084,-4.3828,0.8811,0.24145,1.8112,175,25.8284,166.202,2.3465,1.8112,1.8112,2.3465
20210718.07,121.801,32.013,5.2084,-5.1296,0.8422,0.25964,1.8247,175,25.4837,167.297,2.3465,1.8247,1.8247,2.3465
20210718.08,121.801,32.013,5.2084,-5.8129,0.7763,0.28395,1.8679,175,25.4292,168.269,2.3465,1.8679,1.8679,2.3465
20210718.09,121.801,32.013,5.2084,-6.1482,1.1772,0.30788,1.9424,175,25.372,168.177,2.3465,1.9424,1.9424,2.3465
20210718.1,121.801,32.013,5.2084,-5.887,1.7701,0.32501,2.019,175,25.3866,167.459,2.3465,2.019,2.019,2.3465
20210718.11,121.801,32.013,5.2084,-5.638,2.2055,0.33896,2.0996,175,25.4882,166.257,2.5798,2.0996,2.0996,2.5798
20210718.12,121.801,32.013,5.2084,-4.7903,2.8883,0.34157,2.1743,155,25.9321,164.524,2.5798,2.1743,2.1743,2.5798
20210718.13,121.801,32.013,5.2084,-3.9946,3.3403,0.33712,2.2377,145,26.7905,162.664,2.5798,2.2377,2.2377,2.5798
20210718.14,121.801,32.013,5.2084,-3.3232,3.4301,0.32786,2.2863,145,27.6824,161.829,2.8363,2.2863,2.2863,2.8363
20210718.15,121.801,32.013,5.2084,-3.0329,3.0736,0.31507,2.3088,145,28.1972,161.614,3.1182,2.3088,2.3088,3.1182
20210718.16,121.801,32.013,5.2084,-3.3183,2.6124,0.30571,2.2929,145,27.7728,162.008,3.1182,2.2929,2.2929,3.1182
20210718.17,121.801,32.013,5.2084,-3.3267,2.6223,0.29601,2.2451,175,27.5037,161.59,3.1182,2.2451,2.2451,3.1182
20210718.18,121.801,32.013,5.2084,-3.6277,2.5097,0.29028,2.1644,175,26.8624,161.048,3.1182,2.1644,2.1644,3.1182
20210718.19,121.801,32.013,5.2084,-4.2124,2.4905,0.29788,2.081,175,25.9956,159.944,2.8363,2.081,2.081,2.8363
20210718.2,121.801,32.013,5.2084,-4.5367,2.6796,0.30905,2.0622,175,25.4175,159.159,2.8363,2.0622,2.0622,2.8363
20210718.21,121.801,32.013,5.2084,-4.4106,2.619,0.30988,2.0682,175,25.3197,158.876,2.5798,2.0682,2.0682,2.5798
20210718.22,121.801,32.013,5.2084,-3.5509,2.6941,0.29066,2.098,175,25.8883,158.938,2.8363,2.098,2.098,2.8363
20210718.23,121.801,32.013,5.2084,-4.0109,2.122,0.28959,2.0778,175,25.6327,160.17,2.8363,2.0778,2.0778,2.8363
20210719,121.801,32.013,5.2084,-4.169,2.0164,0.29139,2.081,175,25.3329,161.451,2.8363,2.081,2.081,2.8363
20210719.01,121.801,32.013,5.2084,-4.171,1.9395,0.29046,2.0824,175,25.2864,162.559,2.8363,2.0824,2.0824,2.8363
20210719.02,121.801,32.013,5.2084,-4.4534,1.885,0.29806,2.0823,175,25.0265,163.309,2.8363,2.0823,2.0823,2.8363
20210719.03,121.801,32.013,5.2084,-4.9856,1.6709,0.31368,2.0893,175,24.6682,164.364,2.8363,2.0893,2.0893,2.8363
20210719.04,121.801,32.013,5.2084,-5.4532,1.6897,0.33613,2.1274,175,24.2469,165.263,2.8363,2.1274,2.1274,2.8363
20210719.05,121.801,32.013,5.2084,-5.4071,2.218,0.35136,2.1861,175,24.2865,165.053,2.8363,2.1861,2.1861,2.8363
20210719.06,121.801,32.013,5.2084,-5.1874,2.6653,0.3599,2.2426,175,24.4745,164.536,2.8363,2.2426,2.2426,2.8363
20210719.07,121.801,32.013,5.2084,-5.0759,3.1747,0.37043,2.2886,175,24.9456,163.377,2.8363,2.2886,2.2886,2.8363
20210719.08,121.801,32.013,5.2084,-4.8843,3.461,0.37601,2.3169,175,25.5397,162.375,2.8363,2.3169,2.3169,2.8363
20210719.09,121.801,32.013,5.2084,-4.6258,3.3097,0.37236,2.3386,175,26.108,162.134,2.8363,2.3386,2.3386,2.8363
20210719.1,121.801,32.013,5.2084,-3.97,2.9299,0.35362,2.3543,175,26.6897,162.731,3.1182,2.3544,2.3544,3.1182
20210719.11,121.801,32.013,5.2084,-4.5027,2.7311,0.35625,2.3291,175,26.3614,162.603,3.1182,2.3291,2.3291,3.1182
20210719.12,121.801,32.013,5.2084,-5.3949,3.5591,0.38828,2.3135,175,25.706,160.97,3.1182,2.3135,2.3135,3.1182
20210719.13,121.801,32.013,5.2084,-5.0067,3.6403,0.39505,2.3536,175,25.9573,160.374,3.1182,2.3536,2.3536,3.1182
20210719.14,121.801,32.013,5.2084,-4.838,3.3993,0.3957,2.3813,175,26.1823,160.647,3.1182,2.3813,2.3813,3.1182
20210719.15,121.801,32.013,5.2084,-4.798,3.3726,0.40062,2.4201,175,26.1973,161.087,3.1182,2.4201,2.4201,3.1182
20210719.16,121.801,32.013,5.2084,-5.1167,3.4877,0.41836,2.4502,175,26.114,161.452,3.1182,2.4502,2.4502,3.1182
20210719.17,121.801,32.013,5.2084,-5.1397,3.6777,0.43221,2.5066,175,26.1612,161.802,3.1182,2.5066,2.5066,3.1182
20210719.18,121.801,32.013,5.2084,-5.37,3.6995,0.44961,2.5476,175,26.2032,162.298,3.1182,2.5476,2.5476,3.1182
20210719.19,121.801,32.013,5.2084,-5.4258,3.351,0.45879,2.6004,175,26.0972,163.354,3.4282,2.6004,2.6004,3.4282
20210719.2,121.801,32.013,5.2084,-5.7255,3.0706,0.473,2.6416,175,25.7467,164.525,3.4282,2.6416,2.6416,3.4282
20210719.21,121.801,32.013,5.2084,-6.235,2.7621,0.49351,2.6793,175,25.1923,165.759,3.4282,2.6793,2.6793,3.4282
20210719.22,121.801,32.013,5.2084,-5.9698,1.8883,0.4928,2.7401,175,24.7169,168.21,3.4282,2.7401,2.7401,3.4282
20210719.23,121.801,32.013,5.2084,-6.756,2.1147,0.52139,2.7705,175,23.9571,169.518,3.4282,2.7705,2.7705,3.4282
20210720,121.801,32.013,5.2084,-6.7252,2.7344,0.54316,2.8357,175,23.8707,169.955,3.4282,2.8357,2.8357,3.4282
20210720.01,121.801,32.013,5.2084,-6.5213,3.1286,0.55481,2.8985,175,24.0402,170.207,3.769,2.8985,2.8985,3.769
20210720.02,121.801,32.013,5.2084,-6.4849,3.1151,0.56434,2.9484,175,24.0752,170.508,3.769,2.9484,2.9484,3.769
20210720.03,121.801,32.013,5.2084,-6.3106,2.699,0.56349,2.9892,175,24.0046,171.249,3.769,2.9892,2.9892,3.769
20210720.04,121.801,32.013,5.2084,-6.4002,2.4643,0.56561,3.0063,175,23.7501,171.746,3.769,3.0063,3.0063,3.769
20210720.05,121.801,32.013,5.2084,-6.8083,2.4291,0.57671,3.0016,175,23.4894,171.935,3.769,3.0016,3.0016,3.769
20210720.06,121.801,32.013,5.2084,-7.1668,2.2996,0.59068,3.0011,175,23.2144,172.105,3.769,3.0011,3.0011,3.769
20210720.07,121.801,32.013,5.2084,-7.2361,2.1098,0.59826,3.0162,175,22.9913,172.58,3.769,3.0162,3.0162,3.769
20210720.08,121.801,32.013,5.2084,-7.1748,2.0387,0.60407,3.0336,175,22.8164,172.876,3.769,3.0336,3.0336,3.769
20210720.09,121.801,32.013,5.2084,-7.0333,1.9638,0.60237,3.0623,175,22.6644,173.369,3.769,3.0623,3.0623,3.769
20210720.1,121.801,32.013,5.2084,-6.8621,1.6229,0.59866,3.0887,175,22.4093,174.07,3.769,3.0887,3.0887,3.769
20210720.11,121.801,32.013,5.2084,-7.4179,1.7784,0.61827,3.0946,175,22.138,174.128,3.769,3.0946,3.0946,3.769
20210720.12,121.801,32.013,5.2084,-7.347,1.9954,0.63086,3.1288,175,22.0612,174.267,3.769,3.1288,3.1288,3.769
20210720.13,121.801,32.013,5.2084,-7.3631,2.053,0.64058,3.1667,175,22.0103,174.381,3.769,3.1667,3.1667,3.769
20210720.14,121.801,32.013,5.2084,-7.0701,2.0828,0.6406,3.2018,175,21.9835,174.696,3.769,3.2018,3.2018,3.769
20210720.15,121.801,32.013,5.2084,-6.9466,1.8854,0.63654,3.2256,175,21.9817,175.004,3.769,3.2256,3.2256,3.769
20210720.16,121.801,32.013,5.2084,-7.5429,1.9843,0.65441,3.2102,175,21.9068,174.819,3.769,3.2102,3.2102,3.769
20210720.17,121.801,32.013,5.2084,-7.879,2.2423,0.67733,3.2189,175,21.8928,174.431,3.769,3.2189,3.2189,3.769
20210720.18,121.801,32.013,5.2084,-7.4524,2.2312,0.6757,3.2586,175,21.9447,174.666,4.1436,3.2586,3.2586,4.1436
20210720.19,121.801,32.013,5.2084,-6.5536,1.8241,0.64948,3.3037,175,22.0702,175.353,4.1436,3.3037,3.3037,4.1436
20210720.2,121.801,32.013,5.2084,-5.9148,1.1205,0.61553,3.345,175,21.7866,176.598,4.1436,3.345,3.345,4.1436
20210720.21,121.801,32.013,5.2084,-5.6948,0.205,0.58543,3.3635,175,21.3971,177.849,4.1436,3.3635,3.3635,4.1436
20210720.22,121.801,32.013,5.2084,-4.9828,-0.3144,0.55107,3.3891,175,21.0864,178.866,4.1436,3.3891,3.3891,4.1436
20210720.23,121.801,32.013,5.2084,-5.5323,-1.128,0.53192,3.2771,175,21.0014,179.85,4.1436,3.2771,3.2771,4.1436
20210721,121.801,32.013,5.2084,-5.9373,-1.4792,0.5226,3.0918,175,21.2774,180.84,3.769,3.0918,3.0918,3.769
20210721.01,121.801,32.013,5.2084,-6.1811,-1.0275,0.51895,2.9263,175,22.0028,181.602,3.769,2.9263,2.9263,3.769
20210721.02,121.801,32.013,5.2084,-6.1188,-1.0254,0.51175,2.8363,175,22.8574,182.381,3.769,2.8363,2.8363,3.769
20210721.03,121.801,32.013,5.2084,-5.7995,-1.5522,0.49757,2.795,175,23.6542,183.79,3.4282,2.795,2.795,3.4282
20210721.04,121.801,32.013,5.2084,-5.4417,-1.9871,0.48277,2.7764,175,24.5582,185.528,3.4282,2.7764,2.7764,3.4282
20210721.05,121.801,32.013,5.2084,-5.306,-2.3403,0.47217,2.7493,175,25.3237,187.405,3.4282,2.7493,2.7493,3.4282
20210721.06,121.801,32.013,5.2084,-5.0031,-2.8841,0.46533,2.7294,175,26.3362,189.603,3.4282,2.7294,2.7294,3.4282
20210721.07,121.801,32.013,5.2084,-4.6883,-3.3473,0.46253,2.7198,175,27.2698,192.194,3.4282,2.7198,2.7198,3.4282
20210721.08,121.801,32.013,5.2084,-4.5518,-3.7321,0.47112,2.7304,175,28.1103,194.795,3.4282,2.7304,2.7304,3.4282
20210721.09,121.801,32.013,5.2084,-4.8133,-3.9621,0.49577,2.7628,175,28.4103,196.88,3.1182,2.7628,2.7628,3.1182
20210721.1,121.801,32.013,5.2084,-4.5951,-2.921,0.50944,2.882,175,27.9785,196.337,3.1182,2.882,2.882,3.1182
20210721.11,121.801,32.013,5.2084,-5.7742,-2.7527,0.54283,2.9142,185,27.4386,195.966,6.0537,2.9142,2.9142,6.0537
20210721.12,121.801,32.013,5.2084,-6.4457,-2.0017,0.57729,2.9532,185,26.755,194.445,6.0537,2.9532,2.9532,6.0537
20210721.13,121.801,32.013,5.2084,-6.8048,-1.4656,0.6072,3.0158,185,26.1556,192.508,3.1182,3.0158,3.0158,3.1182
20210721.14,121.801,32.013,5.2084,-7.1343,-1.1872,0.63532,3.0834,175,25.5928,190.538,3.1182,3.0834,3.0834,3.1182
20210721.15,121.801,32.013,5.2084,-7.0752,-1.1808,0.65536,3.1699,175,25.219,189.038,3.4282,3.1699,3.1699,3.4282
20210721.16,121.801,32.013,5.2084,-6.9344,-1.2676,0.67016,3.2519,175,24.7661,187.922,3.4282,3.2519,3.2519,3.4282
20210721.17,121.801,32.013,5.2084,-7.0967,-1.1356,0.68757,3.3188,175,24.2076,186.886,3.4282,3.3188,3.3188,3.4282
20210721.18,121.801,32.013,5.2084,-7.2981,-1.0013,0.70528,3.3731,185,23.7042,186.057,3.4282,3.3731,3.3731,3.4282
20210721.19,121.801,32.013,5.2084,-7.1846,-1.1595,0.71583,3.4314,185,23.3496,185.774,3.769,3.4314,3.4314,3.769
20210721.2,121.801,32.013,5.2084,-7.042,-1.5016,0.72173,3.4875,185,22.9749,185.94,3.769,3.4876,3.4876,3.769
20210721.21,121.801,32.013,5.2084,-6.9798,-1.9459,0.72751,3.5242,185,22.8538,186.349,3.769,3.5242,3.5242,3.769
20210721.22,121.801,32.013,5.2084,-6.6105,-2.295,0.72389,3.5677,185,22.8235,187.116,6.6554,3.5677,3.5677,6.6554
20210721.23,121.801,32.013,5.2084,-7.1609,-2.3351,0.73589,3.5564,185,22.8693,187.556,6.6554,3.5564,3.5564,6.6554
20210722,121.801,32.013,5.2084,-7.854,-2.06,0.76373,3.5235,185,22.8368,187.493,6.6554,3.5235,3.5235,6.6554
20210722.01,121.801,32.013,5.2084,-7.7515,-1.9724,0.78079,3.5446,185,22.8877,187.63,6.6554,3.5446,3.5446,6.6554
20210722.02,121.801,32.013,5.2084,-7.5335,-2.3367,0.78687,3.5921,185,22.9879,188.007,6.6554,3.5921,3.5921,6.6554
20210722.03,121.801,32.013,5.2084,-7.8786,-2.1237,0.80433,3.6049,185,23.0574,188.092,3.769,3.605,3.605,3.769
20210722.04,121.801,32.013,5.2084,-7.8865,-1.7324,0.81314,3.6383,185,23.0403,187.858,3.769,3.6383,3.6383,3.769
20210722.05,121.801,32.013,5.2084,-7.3372,-1.7547,0.80479,3.682,185,23.1138,188.212,6.6554,3.682,3.682,6.6554
20210722.06,121.801,32.013,5.2084,-7.1155,-1.7366,0.7919,3.7162,185,23.1001,188.417,6.6554,3.7162,3.7162,6.6554
20210722.07,121.801,32.013,5.2084,-7.0813,-1.7184,0.78493,3.7106,185,23.0509,188.678,6.6554,3.7106,3.7106,6.6554
20210722.08,121.801,32.013,5.2084,-7.2222,-1.6561,0.78062,3.7019,185,23.0241,188.604,6.6554,3.7019,3.7019,6.6554
20210722.09,121.801,32.013,5.2084,-7.2917,-1.7771,0.7829,3.6769,185,22.9385,188.661,6.6554,3.6769,3.6769,6.6554
20210722.1,121.801,32.013,5.2084,-7.7223,-1.548,0.79597,3.6575,185,22.9218,188.183,6.6554,3.6575,3.6575,6.6554
20210722.11,121.801,32.013,5.2084,-7.6437,-0.825,0.8059,3.6637,185,22.755,187.45,6.6554,3.6637,3.6637,6.6554
20210722.12,121.801,32.013,5.2084,-7.2336,-0.8612,0.80242,3.7111,185,22.619,187.001,6.6554,3.7111,3.7111,6.6554
20210722.13,121.801,32.013,5.2084,-7.564,-0.7433,0.81137,3.7218,185,22.3854,186.407,6.6554,3.7218,3.7218,6.6554
20210722.14,121.801,32.013,5.2084,-7.3932,-0.8724,0.81331,3.7606,185,22.191,186.058,6.6554,3.7606,3.7606,6.6554
20210722.15,121.801,32.013,5.2084,-7.4665,-0.9099,0.81646,3.7757,185,22.011,185.912,6.6554,3.7757,3.7757,6.6554
20210722.16,121.801,32.013,5.2084,-7.5924,-1.0299,0.82128,3.785,185,21.9331,185.78,6.6554,3.785,3.785,6.6554
20210722.17,121.801,32.013,5.2084,-7.6133,-1.2649,0.82569,3.7895,185,21.8058,185.973,6.6554,3.7895,3.7895,6.6554
20210722.18,121.801,32.013,5.2084,-7.6138,-1.6597,0.82829,3.7984,185,21.8322,186.217,6.6554,3.7984,3.7984,6.6554
20210722.19,121.801,32.013,5.2084,-7.7246,-1.9905,0.83603,3.7944,185,21.845,186.613,6.6554,3.7944,3.7944,6.6554
20210722.2,121.801,32.013,5.2084,-7.9991,-2.1431,0.84959,3.7912,185,21.9485,186.849,6.6554,3.7912,3.7912,6.6554
20210722.21,121.801,32.013,5.2084,-7.8974,-2.5147,0.86025,3.799,185,22.0569,187.325,6.6554,3.799,3.799,6.6554
20210722.22,121.801,32.013,5.2084,-7.5577,-2.4933,0.86027,3.8286,185,22.2314,187.819,4.1436,3.8286,3.8286,4.1436
20210722.23,121.801,32.013,5.2084,-8.2435,-2.7927,0.87972,3.8211,185,22.32,187.995,4.1436,3.8211,3.8211,4.1436
20210723,121.801,32.013,5.2084,-8.8631,-2.9352,0.91174,3.8062,185,22.5325,188.186,4.1436,3.8062,3.8062,4.1436
20210723.01,121.801,32.013,5.2084,-8.3948,-3.5119,0.92513,3.8395,185,22.762,188.98,4.1436,3.8395,3.8395,4.1436
20210723.02,121.801,32.013,5.2084,-7.8509,-3.7302,0.9222,3.8831,185,23.0915,189.926,4.1436,3.8831,3.8831,4.1436
20210723.03,121.801,32.013,5.2084,-8.1435,-3.3863,0.92611,3.9015,185,23.1627,190.407,4.1436,3.9014,3.9014,4.1436
20210723.04,121.801,32.013,5.2084,-7.9216,-3.1551,0.9212,3.9106,185,23.3588,190.971,4.1436,3.9106,3.9106,4.1436
20210723.05,121.801,32.013,5.2084,-7.4137,-3.349,0.90382,3.9287,185,23.5493,191.662,4.1436,3.9287,3.9287,4.1436
20210723.06,121.801,32.013,5.2084,-7.7581,-3.2305,0.89825,3.9025,185,23.6996,192.151,4.1436,3.9025,3.9025,4.1436
20210723.07,121.801,32.013,5.2084,-7.6962,-3.1154,0.89316,3.8846,185,23.7769,192.509,4.1436,3.8846,3.8846,4.1436
20210723.08,121.801,32.013,5.2084,-7.263,-2.9733,0.87773,3.8838,185,23.8952,192.897,6.6554,3.8838,3.8838,6.6554
20210723.09,121.801,32.013,5.2084,-6.8139,-3.1623,0.85695,3.8962,185,23.9978,193.227,6.6554,3.8962,3.8962,6.6554
20210723.1,121.801,32.013,5.2084,-6.8691,-2.6512,0.84284,3.879,185,24.0357,193.195,7.3171,3.879,3.879,7.3171
20210723.11,121.801,32.013,5.2084,-7.2433,-3.2103,0.84235,3.8418,185,24.0528,193.139,7.3171,3.8418,3.8418,7.3171
20210723.12,121.801,32.013,5.2084,-7.2531,-3.4674,0.84624,3.8061,185,24.1785,193.375,7.3171,3.8061,3.8061,7.3171
20210723.13,121.801,32.013,5.2084,-7.2495,-3.6503,0.8519,3.7982,185,24.2896,193.406,7.3171,3.7982,3.7982,7.3171
20210723.14,121.801,32.013,5.2084,-7.7943,-3.4959,0.8711,3.7739,185,24.3211,193.205,7.3171,3.7739,3.7739,7.3171
20210723.15,121.801,32.013,5.2084,-8.7497,-2.8193,0.9036,3.7665,185,24.1951,192.043,7.3171,3.7665,3.7665,7.3171
20210723.16,121.801,32.013,5.2084,-8.6893,-2.7268,0.92714,3.7972,185,24.0336,191.136,3.769,3.7972,3.7972,3.769
20210723.17,121.801,32.013,5.2084,-8.3276,-3.3515,0.93956,3.8605,185,24.0636,190.931,4.1436,3.8605,3.8605,4.1436
20210723.18,121.801,32.013,5.2084,-8.1954,-4.0602,0.95354,3.9035,185,24.0758,191.199,4.1436,3.9035,3.9035,4.1436
20210723.19,121.801,32.013,5.2084,-8.6421,-4.1889,0.9755,3.9242,185,24.1102,191.419,4.1436,3.9242,3.9242,4.1436
20210723.2,121.801,32.013,5.2084,-9.1916,-4.6174,1.00864,3.9323,185,24.1448,191.966,4.1436,3.9323,3.9323,4.1436
20210723.21,121.801,32.013,5.2084,-9.5499,-4.4217,1.0413,3.9553,185,24.1652,192.19,4.1436,3.9553,3.9553,4.1436
20210723.22,121.801,32.013,5.2084,-9.2996,-3.7799,1.05827,4.0184,185,23.9417,192.177,4.1436,4.0184,4.0184,4.1436
20210723.23,121.801,32.013,5.2084,-10.2845,-3.405,1.09737,4.0479,185,23.8412,191.714,4.1436,4.0479,4.0479,4.1436
20210724,121.801,32.013,5.2084,-10.0076,-3.2613,1.12148,4.1181,185,23.576,191.488,4.5556,4.1181,4.1181,4.5556
20210724.01,121.801,32.013,5.2084,-10.0543,-3.0595,1.14176,4.1838,185,23.3302,191.271,4.5556,4.1838,4.1838,4.5556
20210724.02,121.801,32.013,5.2084,-10.2266,-2.9507,1.16718,4.2466,185,23.0039,191.02,4.5556,4.2466,4.2466,4.5556
20210724.03,121.801,32.013,5.2084,-9.6847,-3.0508,1.17539,4.3199,185,22.6664,191.122,4.5556,4.3199,4.3199,4.5556
20210724.04,121.801,32.013,5.2084,-8.8183,-3.632,1.15896,4.3865,185,22.5141,191.679,4.5556,4.3865,4.3865,4.5556
20210724.05,121.801,32.013,5.2084,-9.0441,-4.2836,1.15392,4.3891,185,22.5028,192.376,4.5556,4.3891,4.3891,4.5556
20210724.06,121.801,32.013,5.2084,-9.2912,-4.3243,1.15362,4.3699,185,22.6422,192.902,4.5556,4.3699,4.3699,4.5556
20210724.07,121.801,32.013,5.2084,-9.2772,-4.8315,1.15451,4.34,185,22.9488,193.833,4.5556,4.34,4.34,4.5556
20210724.08,121.801,32.013,5.2084,-9.6372,-4.9762,1.1668,4.3107,185,23.1608,194.454,4.5556,4.3107,4.3107,4.5556
20210724.09,121.801,32.013,5.2084,-9.678,-4.5207,1.17873,4.3092,185,23.2375,194.729,4.5556,4.3092,4.3092,4.5556
20210724.1,121.801,32.013,5.2084,-9.0698,-4.7118,1.17526,4.3393,185,23.2768,194.991,4.5556,4.3393,4.3393,4.5556
20210724.11,121.801,32.013,5.2084,-10.3087,-4.907,1.21056,4.3276,185,23.3657,194.92,4.5556,4.3276,4.3276,4.5556
20210724.12,121.801,32.013,5.2084,-9.9171,-5.2667,1.23188,4.3624,185,23.4189,195.118,4.5556,4.3624,4.3624,4.5556
20210724.13,121.801,32.013,5.2084,-9.7665,-5.8875,1.24816,4.4002,185,23.6269,195.696,4.5556,4.4002,4.4002,4.5556
20210724.14,121.801,32.013,5.2084,-9.4495,-6.245,1.26034,4.4299,185,23.8208,196.4,4.5556,4.4299,4.4299,4.5556
20210724.15,121.801,32.013,5.2084,-9.474,-6.7019,1.27274,4.4476,185,24.1568,197.29,4.5556,4.4476,4.4476,4.5556
20210724.16,121.801,32.013,5.2084,-9.7244,-7.3388,1.29282,4.4295,185,24.496,198.36,5.0084,4.4295,4.4295,5.0084
20210724.17,121.801,32.013,5.2084,-9.9176,-8.0555,1.31365,4.4049,185,24.9869,199.74,5.0084,4.4049,4.4049,5.0084
20210724.18,121.801,32.013,5.2084,-10.3235,-8.4153,1.34031,4.3742,195,25.3887,200.972,5.0084,4.3742,4.3742,5.0084
20210724.19,121.801,32.013,5.2084,-10.3826,-9.1154,1.36261,4.3684,195,25.8846,202.082,5.0084,4.3684,4.3684,5.0084
20210724.2,121.801,32.013,5.2084,-10.1738,-9.6589,1.38399,4.378,195,26.2701,203.177,5.0084,4.378,4.378,5.0084
20210724.21,121.801,32.013,5.2084,-10.8632,-10.7165,1.42417,4.3838,195,26.786,204.243,5.0084,4.3838,4.3838,5.0084
20210724.22,121.801,32.013,5.2084,-12.6361,-9.7692,1.48047,4.4148,195,26.8438,204.189,5.0084,4.4148,4.4148,5.0084
20210724.23,121.801,32.013,5.2084,-12.2004,-10.4019,1.52229,4.4773,195,26.9877,204.465,5.0084,4.4773,4.4773,5.0084
20210725,121.801,32.013,5.2084,-12.8692,-9.4427,1.56893,4.5468,195,26.8869,204.354,5.0084,4.5468,4.5468,5.0084
20210725.01,121.801,32.013,5.2084,-14.5052,-9.4301,1.63375,4.6092,185,26.8167,203.712,5.0084,4.6092,4.6092,5.0084
20210725.02,121.801,32.013,5.2084,-15.3671,-8.3668,1.69795,4.694,185,26.5758,202.899,5.0084,4.694,4.694,5.0084
20210725.03,121.801,32.013,5.2084,-15.4392,-7.2544,1.75244,4.7991,185,26.2704,202.007,5.0084,4.7991,4.7991,5.0084
20210725.04,121.801,32.013,5.2084,-15.6926,-6.66,1.80532,4.897,185,25.9326,201.339,5.5063,4.897,4.897,5.5063
20210725.05,121.801,32.013,5.2084,-15.5317,-6.3468,1.84581,5.007,185,25.4982,200.65,5.5063,5.007,5.007,5.5063
20210725.06,121.801,32.013,5.2084,-14.7047,-6.3514,1.88018,5.1189,185,25.0232,200.223,5.5063,5.1189,5.1189,5.5063
20210725.07,121.801,32.013,5.2084,-15.0187,-6.2411,1.91555,5.2175,185,24.5252,199.643,5.5063,5.2175,5.2175,5.5063
20210725.08,121.801,32.013,5.2084,-15.197,-6.8597,1.95015,5.3062,185,24.0505,199.088,5.5063,5.3062,5.3062,5.5063
20210725.09,121.801,32.013,5.2084,-15.3155,-7.3886,1.97979,5.3906,195,23.6114,198.647,5.5063,5.3906,5.3906,5.5063
20210725.1,121.801,32.013,5.2084,-16.3502,-7.0263,2.01049,5.4652,195,23.2311,198.205,6.0537,5.4652,5.4652,6.0537
20210725.11,121.801,32.013,5.2084,-15.7876,-7.4546,2.0321,5.5437,195,22.8949,197.927,6.0537,5.5437,5.5437,6.0537
20210725.12,121.801,32.013,5.2084,-16.1152,-7.2742,2.05232,5.6202,195,22.5683,197.672,6.0537,5.6202,5.6202,6.0537
20210725.13,121.801,32.013,5.2084,-17.1063,-5.3784,2.07285,5.6948,195,22.2137,197.183,6.0537,5.6948,5.6948,6.0537
20210725.14,121.801,32.013,5.2084,-16.3719,-4.5008,2.0881,5.7817,195,21.7968,196.597,6.0537,5.7817,5.7817,6.0537
20210725.15,121.801,32.013,5.2084,-15.9439,-3.8424,2.10232,5.8817,195,21.3051,195.981,6.6554,5.8817,5.8817,6.6554
20210725.16,121.801,32.013,5.2084,-15.9249,-2.6318,2.11658,5.9897,195,20.7605,195.352,6.6554,5.9898,5.9898,6.6554
20210725.17,121.801,32.013,5.2084,-16.5809,-1.6107,2.13238,6.0919,195,20.2288,194.745,6.6554,6.0919,6.0919,6.6554
20210725.18,121.801,32.013,5.2084,-16.7364,-0.9538,2.14574,6.1848,195,19.7341,194.227,6.6554,6.1848,6.1848,6.6554
20210725.19,121.801,32.013,5.2084,-16.4899,-1.4551,2.15503,6.2686,195,19.2836,193.851,6.6554,6.2686,6.2686,6.6554
20210725.2,121.801,32.013,5.2084,-16.0454,-1.4088,2.15988,6.344,195,18.8914,193.597,6.6554,6.344,6.344,6.6554
20210725.21,121.801,32.013,5.2084,-16.1317,-0.7752,2.16366,6.4073,195,18.5551,193.386,8.0444,6.4073,6.4073,8.0444
20210725.22,121.801,32.013,5.2084,-16.358,1.427,2.16644,6.4564,195,18.2803,193.119,8.8441,6.4564,6.4564,8.8441
20210725.23,121.801,32.013,5.2084,-16.1516,1.1291,2.16777,6.4948,195,18.0483,192.849,8.8441,6.4948,6.4948,8.8441
20210726,121.801,32.013,5.2084,-16.3243,1.5808,2.16858,6.5208,195,17.8575,192.562,8.8441,6.5208,6.5208,8.8441
20210726.01,121.801,32.013,5.2084,-16.3546,2.3568,2.16935,6.5362,195,17.7076,192.26,8.8441,6.5362,6.5362,8.8441
20210726.02,121.801,32.013,5.2084,-16.165,3.3514,2.17021,6.5475,195,17.5901,191.945,8.8441,6.5475,6.5475,8.8441
20210726.03,121.801,32.013,5.2084,-15.6248,4.7047,2.17135,6.5649,195,17.4879,191.626,8.8441,6.5649,6.5649,8.8441
20210726.04,121.801,32.013,5.2084,-14.8199,5.2339,2.17193,6.5981,195,17.3756,191.351,8.8441,6.5981,6.5981,8.8441
20210726.05,121.801,32.013,5.2084,-14.4514,5.7613,2.17269,6.6412,195,17.2574,191.131,8.8441,6.6412,6.6412,8.8441
20210726.06,121.801,32.013,5.2084,-14.2405,7.0763,2.17182,6.6819,195,17.1676,190.945,8.8441,6.6819,6.6819,8.8441
20210726.07,121.801,32.013,5.2084,-13.4292,7.5167,2.1653,6.7153,195,17.1173,190.807,8.8441,6.7153,6.7153,8.8441
20210726.08,121.801,32.013,5.2084,-12.7651,6.6813,2.15283,6.7352,195,17.1017,190.718,8.8441,6.7352,6.7352,8.8441
20210726.09,121.801,32.013,5.2084,-13.2047,6.5004,2.13971,6.7265,195,17.1393,190.585,8.8441,6.7264,6.7264,8.8441
20210726.1,121.801,32.013,5.2084,-14.1987,6.0692,2.1318,6.6843,195,17.2214,190.342,8.8441,6.6844,6.6844,8.8441
20210726.11,121.801,32.013,5.2084,-14.4927,6.0897,2.12677,6.6241,195,17.3217,190.045,8.0444,6.6241,6.6241,8.0444
20210726.12,121.801,32.013,5.2084,-13.6084,6.0255,2.11789,6.5744,195,17.4012,189.829,8.0444,6.5744,6.5744,8.0444
20210726.13,121.801,32.013,5.2084,-12.504,5.319,2.10323,6.5464,195,17.4407,189.768,8.0444,6.5464,6.5464,8.0444
20210726.14,121.801,32.013,5.2084,-12.9697,6.4934,2.09145,6.5158,195,17.517,189.672,8.0444,6.5158,6.5158,8.0444
20210726.15,121.801,32.013,5.2084,-12.5583,7.2501,2.07669,6.4816,195,17.6402,189.501,8.0444,6.4816,6.4816,8.0444
20210726.16,121.801,32.013,5.2084,-12.5212,7.3619,2.05936,6.436,185,17.8038,189.257,8.0444,6.436,6.436,8.0444
20210726.17,121.801,32.013,5.2084,-13.2064,7.37,2.04959,6.3713,185,17.9855,188.882,8.0444,6.3713,6.3713,8.0444
20210726.18,121.801,32.013,5.2084,-13.6119,7.9072,2.04827,6.3007,185,18.1643,188.428,8.0444,6.3007,6.3007,8.0444
20210726.19,121.801,32.013,5.2084,-12.4983,8.2972,2.03975,6.259,185,18.2996,188.142,8.0444,6.259,6.259,8.0444
20210726.2,121.801,32.013,5.2084,-11.328,9.609,2.02365,6.2397,185,18.4748,187.971,8.0444,6.2397,6.2397,8.0444
20210726.21,121.801,32.013,5.2084,-10.5193,10.435,2.00363,6.2292,185,18.714,187.776,8.0444,6.2292,6.2292,8.0444
20210726.22,121.801,32.013,5.2084,-7.7187,11.2092,1.96372,6.2407,185,18.9866,187.729,8.0444,6.2407,6.2407,8.0444
20210726.23,121.801,32.013,5.2084,-9.3616,9.5951,1.92773,6.2179,185,19.3055,187.386,8.0444,6.2179,6.2179,8.0444
20210727,121.801,32.013,5.2084,-10.4367,8.6459,1.89758,6.143,185,19.6533,186.706,7.3171,6.143,6.143,7.3171
20210727.01,121.801,32.013,5.2084,-11.2007,8.0608,1.87737,6.0277,185,19.9796,185.864,7.3171,6.0277,6.0277,7.3171
20210727.02,121.801,32.013,5.2084,-10.9212,7.8126,1.8542,5.9266,185,20.2057,185.211,7.3171,5.9266,5.9266,7.3171
20210727.03,121.801,32.013,5.2084,-10.7693,8.9843,1.84204,5.8295,185,20.5352,184.465,7.3171,5.8295,5.8295,7.3171
20210727.04,121.801,32.013,5.2084,-9.694,9.0955,1.82014,5.8012,185,20.7665,184.186,7.3171,5.8012,5.8012,7.3171
20210727.05,121.801,32.013,5.2084,-9.1141,9.181,1.79975,5.7935,185,21.0328,184.074,7.3171,5.7935,5.7935,7.3171
20210727.06,121.801,32.013,5.2084,-9.7431,9.5259,1.79872,5.7705,185,21.3018,183.813,7.3171,5.7705,5.7705,7.3171
20210727.07,121.801,32.013,5.2084,-10.1326,8.1498,1.7932,5.754,185,21.3911,183.877,7.3171,5.754,5.754,7.3171
20210727.08,121.801,32.013,5.2084,-10.4484,7.7107,1.78463,5.7266,185,21.4437,183.933,7.3171,5.7266,5.7266,7.3171
20210727.09,121.801,32.013,5.2084,-10.7342,7.3792,1.77774,5.6811,185,21.4666,183.913,7.3171,5.6811,5.6811,7.3171
20210727.1,121.801,32.013,5.2084,-10.9713,6.7569,1.7715,5.6429,185,21.38,183.968,7.3171,5.6429,5.6429,7.3171
20210727.11,121.801,32.013,5.2084,-11.131,6.5767,1.76875,5.6037,185,21.2738,184.026,7.3171,5.6037,5.6037,7.3171
20210727.12,121.801,32.013,5.2084,-11.149,6.8203,1.76818,5.578,185,21.1887,184.082,7.3171,5.578,5.578,7.3171
20210727.13,121.801,32.013,5.2084,-10.5748,7.3203,1.75911,5.5719,185,21.1881,184.258,7.3171,5.5719,5.5719,7.3171
20210727.14,121.801,32.013,5.2084,-10.3328,7.5766,1.74801,5.5729,185,21.2746,184.462,7.3171,5.5729,5.5729,7.3171
20210727.15,121.801,32.013,5.2084,-10.24,7.5906,1.73281,5.5647,185,21.3986,184.658,7.3171,5.5647,5.5647,7.3171
20210727.16,121.801,32.013,5.2084,-10.119,7.3404,1.70751,5.5477,185,21.5487,184.797,7.3171,5.5477,5.5477,7.3171
20210727.17,121.801,32.013,5.2084,-9.8621,7.3826,1.67415,5.5062,185,21.7539,184.764,6.6554,5.5062,5.5062,6.6554
20210727.18,121.801,32.013,5.2084,-9.4684,7.8344,1.63634,5.4555,185,22.0555,184.52,6.6554,5.4555,5.4555,6.6554
20210727.19,121.801,32.013,5.2084,-9.0262,8.3464,1.59536,5.3899,185,22.4483,184.135,6.6554,5.3899,5.3899,6.6554
20210727.2,121.801,32.013,5.2084,-8.7967,8.2531,1.55393,5.3305,185,22.8111,183.723,6.6554,5.3305,5.3305,6.6554
20210727.21,121.801,32.013,5.2084,-8.7494,8.1117,1.51637,5.2569,185,23.1048,183.279,6.6554,5.2569,5.2569,6.6554
20210727.22,121.801,32.013,5.2084,-8.6194,7.3851,1.47574,5.2054,185,23.2906,183.02,6.6554,5.2054,5.2054,6.6554
20210727.23,121.801,32.013,5.2084,-8.2621,7.9368,1.443,5.1383,185,23.5941,182.591,6.6554,5.1383,5.1383,6.6554
20210728,121.801,32.013,5.2084,-8.2241,7.5807,1.41634,5.1022,185,23.8574,182.481,6.6554,5.1022,5.1022,6.6554
20210728.01,121.801,32.013,5.2084,-8.3565,6.7069,1.39579,5.0764,185,23.8759,182.877,6.6554,5.0764,5.0764,6.6554
20210728.02,121.801,32.013,5.2084,-8.554,6.8888,1.38707,5.0441,185,24.1626,182.941,6.6554,5.0441,5.0441,6.6554
20210728.03,121.801,32.013,5.2084,-8.2187,7.057,1.3699,5.0159,185,24.3699,183.2,6.6554,5.0159,5.0159,6.6554
20210728.04,121.801,32.013,5.2084,-7.5734,7.6041,1.34503,4.9981,185,24.818,183.292,6.6554,4.9981,4.9981,6.6554
20210728.05,121.801,32.013,5.2084,-7.5096,7.7101,1.32422,4.953,185,25.2028,183.128,6.6554,4.953,4.953,6.6554
20210728.06,121.801,32.013,5.2084,-7.676,7.7432,1.30664,4.9087,185,25.5536,182.832,6.6554,4.9087,4.9087,6.6554
20210728.07,121.801,32.013,5.2084,-7.7917,7.6886,1.29166,4.8462,185,25.8943,182.324,6.0537,4.8462,4.8462,6.0537
20210728.08,121.801,32.013,5.2084,-7.859,7.0836,1.26729,4.8155,185,25.9678,182.291,6.0537,4.8155,4.8155,6.0537
20210728.09,121.801,32.013,5.2084,-7.1431,7.4841,1.23996,4.773,185,26.3493,181.967,6.0537,4.773,4.773,6.0537
20210728.1,121.801,32.013,5.2084,-6.8838,6.783,1.2015,4.7665,185,26.3903,182.367,6.0537,4.7665,4.7665,6.0537
20210728.11,121.801,32.013,5.2084,-7.167,6.5756,1.18025,4.7124,185,26.6068,182.075,6.0537,4.7124,4.7124,6.0537
20210728.12,121.801,32.013,5.2084,-7.0553,6.7482,1.15728,4.6717,185,26.7828,181.961,6.0537,4.6717,4.6717,6.0537
20210728.13,121.801,32.013,5.2084,-6.4536,7.541,1.13532,4.617,195,27.3098,181.497,6.0537,4.617,4.617,6.0537
20210728.14,121.801,32.013,5.2084,-6.1553,7.4632,1.10976,4.5796,195,27.6396,181.232,6.0537,4.5796,4.5796,6.0537
20210728.15,121.801,32.013,5.2084,-5.6696,7.7818,1.08491,4.5362,195,28.0591,180.842,6.0537,4.5362,4.5362,6.0537
20210728.16,121.801,32.013,5.2084,-5.5865,8.3,1.07223,4.464,195,28.6407,179.707,6.0537,4.464,4.464,6.0537
20210728.17,121.801,32.013,5.2084,-5.7144,8.3883,1.06341,4.3859,185,29.131,178.527,6.0537,4.3859,4.3859,6.0537
20210728.18,121.801,32.013,5.2084,-5.7223,8.4582,1.0582,4.3121,185,29.5759,177.188,6.0537,4.3121,4.3121,6.0537
20210728.19,121.801,32.013,5.2084,-5.4878,8.5414,1.04622,4.2667,185,29.9118,176.325,6.0537,4.2667,4.2667,6.0537
20210728.2,121.801,32.013,5.2084,-5.2038,8.4939,1.03086,4.239,185,30.1355,175.659,6.0537,4.239,4.239,6.0537
20210728.21,121.801,32.013,5.2084,-4.5952,8.4922,1.00775,4.2199,185,30.4197,175.368,5.5063,4.2199,4.2199,5.5063
20210728.22,121.801,32.013,5.2084,-4.1023,7.4718,0.96841,4.2417,185,30.4262,176.156,5.5063,4.2417,4.2417,5.5063
20210728.23,121.801,32.013,5.2084,-4.0566,7.9552,0.94868,4.1981,185,30.678,175.641,5.5063,4.1981,4.1981,5.5063
20210729,121.801,32.013,5.2084,-3.7409,8.715,0.93745,4.1191,195,31.2619,174.399,5.5063,4.1191,4.1191,5.5063
20210729.01,121.801,32.013,5.2084,-3.2759,8.5066,0.91319,4.0892,195,31.6749,174.16,5.5063,4.0892,4.0892,5.5063
20210729.02,121.801,32.013,5.2084,-2.8316,8.549,0.89403,4.0392,195,32.1148,173.437,5.5063,4.0392,4.0392,5.5063
20210729.03,121.801,32.013,5.2084,-2.7634,8.1868,0.86926,4.0076,185,32.2079,173.081,5.5063,4.0076,4.0076,5.5063
20210729.04,121.801,32.013,5.2084,-2.9838,7.877,0.85,3.9474,185,32.1915,171.899,5.5063,3.9474,3.9474,5.5063
20210729.05,121.801,32.013,5.2084,-3.0368,7.4334,0.82324,3.9113,185,31.8181,171.172,5.5063,3.9113,3.9113,5.5063
20210729.06,121.801,32.013,5.2084,-2.7255,7.2324,0.795,3.8666,185,31.5901,170.198,5.5063,3.8666,3.8666,5.5063
20210729.07,121.801,32.013,5.2084,-2.2818,6.8182,0.75928,3.8365,185,31.3061,169.744,5.5063,3.8365,3.8365,5.5063
20210729.08,121.801,32.013,5.2084,-2.2707,6.1757,0.72178,3.8111,185,30.8402,169.582,5.5063,3.8111,3.8111,5.5063
20210729.09,121.801,32.013,5.2084,-0.9774,6.3065,0.68,3.7887,185,30.8537,169.769,5.5063,3.7887,3.7887,5.5063
20210729.1,121.801,32.013,5.2084,-0.2876,5.3607,0.63578,3.8097,185,30.4127,170.888,5.5063,3.8097,3.8097,5.5063
20210729.11,121.801,32.013,5.2084,-0.3379,5.1476,0.59873,3.7861,185,30.1005,171.801,5.0084,3.7861,3.7861,5.0084
20210729.12,121.801,32.013,5.2084,-0.1533,5.1652,0.57007,3.7121,185,30.3931,172.1,5.0084,3.7121,3.7121,5.0084
20210729.13,121.801,32.013,5.2084,0.1061,4.7734,0.54451,3.6638,185,30.4693,172.767,5.0084,3.6638,3.6638,5.0084
20210729.14,121.801,32.013,5.2084,0.7333,4.1914,0.52059,3.6815,185,30.1775,173.96,5.0084,3.6815,3.6815,5.0084
20210729.15,121.801,32.013,5.2084,1.5876,3.384,0.49871,3.7227,185,29.6016,175.246,5.0084,3.7227,3.7227,5.0084
20210729.16,121.801,32.013,5.2084,2.4221,2.4404,0.47725,3.7937,185,28.6859,176.542,5.0084,3.7937,3.7937,5.0084
20210729.17,121.801,32.013,5.2084,2.9713,1.3495,0.4558,3.891,185,27.3347,177.787,5.0084,3.891,3.891,5.0084
20210729.18,121.801,32.013,5.2084,3.092,0.6678,0.43545,3.9783,185,25.9907,178.771,5.0084,3.9783,3.9783,5.0084
20210729.19,121.801,32.013,5.2084,3.207,0.3553,0.4171,4.0181,185,25.099,179.45,5.0084,4.0181,4.0181,5.0084
20210729.2,121.801,32.013,5.2084,3.2328,0.1465,0.40135,4.0153,185,24.7106,179.936,5.0084,4.0153,4.0153,5.0084
20210729.21,121.801,32.013,5.2084,3.308,0.1107,0.38907,3.9609,185,25.0829,180.264,5.0084,3.9609,3.9609,5.0084
20210729.22,121.801,32.013,5.2084,2.8548,0.4087,0.37996,3.8788,185,25.8787,180.549,5.0084,3.8788,3.8788,5.0084
20210729.23,121.801,32.013,5.2084,2.7452,0.4556,0.37332,3.751,185,27.5161,180.803,5.0084,3.751,3.751,5.0084
20210730,121.801,32.013,5.2084,2.7312,0.3419,0.36801,3.5764,185,30.1152,181.019,5.0084,3.5764,3.5764,5.0084
20210730.01,121.801,32.013,5.2084,2.5684,0.6615,0.36303,3.3757,185,33.503,181.145,5.0084,3.3757,3.3757,5.0084
20210730.02,121.801,32.013,5.2084,2.4506,0.9649,0.35765,3.1806,185,37.3578,181.288,5.0084,3.1806,3.1806,5.0084
20210730.03,121.801,32.013,5.2084,2.2404,1.2157,0.35031,3.0617,175,40.5499,181.233,5.0084,3.0617,3.0617,5.0084
20210730.04,121.801,32.013,5.2084,1.84,1.6259,0.34131,2.9632,175,43.1037,180.861,5.0084,2.9632,2.9632,5.0084
20210730.05,121.801,32.013,5.2084,1.4309,1.8793,0.32992,2.9195,175,44.3284,180.106,5.0084,2.9195,2.9195,5.0084
20210730.06,121.801,32.013,5.2084,0.9931,1.7381,0.31669,2.9387,175,44.1416,179.318,5.0084,2.9387,2.9387,5.0084
20210730.07,121.801,32.013,5.2084,0.2908,1.8905,0.30382,2.9504,175,43.3565,178.497,5.0084,2.9504,2.9504,5.0084
20210730.08,121.801,32.013,5.2084,-0.6051,2.2755,0.29252,2.929,175,42.2187,177.362,5.0084,2.929,2.929,5.0084
20210730.09,121.801,32.013,5.2084,-1.1955,2.8524,0.28462,2.8346,175,41.4956,175.335,5.0084,2.8346,2.8346,5.0084
20210730.1,121.801,32.013,5.2084,-2.0973,2.6229,0.27781,2.7706,175,40.0367,173.579,5.0084,2.7706,2.7706,5.0084
20210730.11,121.801,32.013,5.2084,-2.1408,3.4362,0.27583,2.6038,175,39.4668,170.431,5.0084,2.6038,2.6038,5.0084
20210730.12,121.801,32.013,5.2084,-1.8441,4.016,0.27705,2.4306,175,39.2022,166.698,5.0084,2.4306,2.4306,5.0084
20210730.13,121.801,32.013,5.2084,-1.2363,4.2839,0.2802,2.2977,175,39.2198,162.667,5.0084,2.2977,2.2977,5.0084
20210730.14,121.801,32.013,5.2084,-0.8723,4.3557,0.28562,2.1782,175,39.205,158.584,5.0084,2.1782,2.1782,5.0084
20210730.15,121.801,32.013,5.2084,-0.5171,4.3821,0.29199,2.1014,175,39.3122,154.976,5.0084,2.1014,2.1014,5.0084
20210730.16,121.801,32.013,5.2084,-0.4056,3.7587,0.29504,2.0701,175,38.6196,153.05,5.0084,2.0701,2.0701,5.0084
20210730.17,121.801,32.013,5.2084,-0.6217,2.9997,0.29071,2.1032,175,37.1377,153.496,5.0084,2.1032,2.1032,5.0084
20210730.18,121.801,32.013,5.2084,-0.7031,2.5867,0.28084,2.1546,175,35.6981,154.733,5.0084,2.1546,2.1546,5.0084
20210730.19,121.801,32.013,5.2084,-0.7369,1.7632,0.26713,2.2214,175,34.4272,156.54,5.0084,2.2214,2.2214,5.0084
20210730.2,121.801,32.013,5.2084,-1.1276,0.7669,0.2519,2.2883,175,33.1551,158.484,4.5556,2.2883,2.2883,4.5556
20210730.21,121.801,32.013,5.2084,-1.5691,0.0602,0.2361,2.3703,175,31.6174,160.77,4.5556,2.3703,2.3703,4.5556
20210730.22,121.801,32.013,5.2084,-1.7596,-0.3322,0.22174,2.4304,175,30.0925,163.08,4.5556,2.4304,2.4304,4.5556
20210730.23,121.801,32.013,5.2084,-1.7533,-1.7559,0.2098,2.4705,175,28.762,165.377,4.5556,2.4705,2.4705,4.5556
20210731,121.801,32.013,5.2084,-1.8247,-2.5523,0.20137,2.4629,175,28.0048,167.924,4.1436,2.4629,2.4629,4.1436
20210731.01,121.801,32.013,5.2084,-2.8401,-2.9729,0.20027,2.3094,175,28.3486,171.013,4.1436,2.3094,2.3094,4.1436
20210731.02,121.801,32.013,5.2084,-3.3081,-2.1281,0.20601,2.0996,175,29.1536,173.793,4.1436,2.0996,2.0996,4.1436
20210731.03,121.801,32.013,5.2084,-3.4156,-2.0638,0.21611,1.9727,175,29.9144,175.943,3.769,1.9727,1.9727,3.769
20210731.04,121.801,32.013,5.2084,-3.3863,-1.9739,0.22541,1.9278,175,30.5217,178.107,3.769,1.9278,1.9278,3.769
20210731.05,121.801,32.013,5.2084,-3.5162,-1.2821,0.23342,1.9177,175,30.0569,180.148,3.769,1.9177,1.9177,3.769
20210731.06,121.801,32.013,5.2084,-3.146,-0.3175,0.2355,1.9487,175,29.9047,180.788,3.4282,1.9487,1.9487,3.4282
20210731.07,121.801,32.013,5.2084,-3.2811,-0.4955,0.23642,1.9611,175,29.2299,181.445,3.4282,1.9611,1.9611,3.4282
20210731.08,121.801,32.013,5.2084,-2.9861,0.1665,0.23317,1.9954,175,29.0179,181.374,3.4282,1.9954,1.9954,3.4282
20210731.09,121.801,32.013,5.2084,-2.5144,0.546,0.22578,2.0625,175,28.9413,181.487,3.4282,2.0625,2.0625,3.4282
20210731.1,121.801,32.013,5.2084,-2.6813,0.4422,0.2218,2.0793,175,28.2438,181.184,3.4282,2.0793,2.0793,3.4282
20210731.11,121.801,32.013,5.2084,-2.926,1.9794,0.2248,2.0179,175,28.2147,177.863,3.4282,2.0179,2.0179,3.4282
20210731.12,121.801,32.013,5.2084,-2.7478,4.2345,0.23267,1.9393,175,28.7262,172.743,3.4282,1.9393,1.9393,3.4282
20210731.13,121.801,32.013,5.2084,-1.7738,5.0217,0.23526,1.9034,175,30.1298,167.784,3.4282,1.9034,1.9034,3.4282
20210731.14,121.801,32.013,5.2084,-0.7647,5.2017,0.23132,1.8758,175,32.4358,162.551,2.1344,1.8758,1.8758,2.1344
20210731.15,121.801,32.013,5.2084,-0.2105,4.895,0.22372,1.8461,175,34.8425,156.961,2.3465,1.8461,1.8461,2.3465
20210731.16,121.801,32.013,5.2084,-0.1094,4.2945,0.21664,1.8167,175,36.2962,151.671,2.3465,1.8167,1.8167,2.3465
20210731.17,121.801,32.013,5.2084,-0.0965,4.0237,0.21192,1.7998,175,36.6481,147.073,2.3465,1.7998,1.7998,2.3465
20210731.18,121.801,32.013,5.2084,-0.3723,3.8109,0.20878,1.7754,175,35.9985,143.615,2.3465,1.7754,1.7754,2.3465
20210731.19,121.801,32.013,5.2084,-0.5699,3.3953,0.20023,1.7831,135,34.7001,142.7,2.5798,1.7831,1.7831,2.5798
20210731.2,121.801,32.013,5.2084,-0.5523,4.0521,0.20562,1.7454,135,33.439,138.239,2.5798,1.7454,1.7454,2.5798
20210731.21,121.801,32.013,5.2084,-0.3478,4.1542,0.21074,1.728,135,32.2062,134.692,2.5798,1.728,1.728,2.5798
20210731.22,121.801,32.013,5.2084,0.0525,2.9526,0.19945,1.7761,135,30.368,135.072,2.8363,1.7761,1.7761,2.8363
20210731.23,121.801,32.013,5.2084,-0.1414,2.4,0.18564,1.8391,135,27.8391,135.939,2.8363,1.8391,1.8391,2.8363
20210715,121.804,32.015,5.9878,-0.9029,7.7453,0.01848,1.6134,95,31.5043,96.642,1.9414,1.6134,1.6134,1.9414
20210715.01,121.804,32.015,5.9878,-1.5143,7.4449,0.06961,1.2904,105,30.4453,101.942,1.9414,1.2904,1.2904,1.9414
20210715.02,121.804,32.015,5.9878,-2.452,7.375,0.11458,1.3511,115,31.5919,107.773,1.9414,1.3511,1.3511,1.9414
20210715.03,121.804,32.015,5.9878,-2.961,7.7904,0.15871,1.4335,145,32.0346,113.006,1.9414,1.4335,1.4335,1.9414
20210715.04,121.804,32.015,5.9878,-2.851,8.1014,0.20433,1.5227,145,31.8582,117.563,1.9414,1.5227,1.5227,1.9414
20210715.05,121.804,32.015,5.9878,-2.9718,8.1302,0.24768,1.6402,145,30.7037,122.104,2.1344,1.6402,1.6402,2.1344
20210715.06,121.804,32.015,5.9878,-3.0196,8.0786,0.28714,1.772,145,29.0684,125.309,2.5798,1.772,1.772,2.5798
20210715.07,121.804,32.015,5.9878,-2.8513,7.8695,0.32385,1.8918,125,27.6395,127.149,2.5798,1.8918,1.8918,2.5798
20210715.08,121.804,32.015,5.9878,-2.7922,7.483,0.3532,2.0231,125,26.4563,128.75,2.8363,2.0231,2.0231,2.8363
20210715.09,121.804,32.015,5.9878,-3.1304,7.0542,0.3814,2.1427,125,25.316,130.951,2.8363,2.1427,2.1427,2.8363
20210715.1,121.804,32.015,5.9878,-2.8697,6.0717,0.39506,2.2581,125,24.2416,132.457,3.1182,2.2581,2.2581,3.1182
20210715.11,121.804,32.015,5.9878,-3.7165,6.7402,0.43242,2.3436,145,23.4517,134.438,3.1182,2.3436,2.3436,3.1182
20210715.12,121.804,32.015,5.9878,-4.3695,7.4041,0.47991,2.4353,145,23.2034,136.133,3.1182,2.4353,2.4353,3.1182
20210715.13,121.804,32.015,5.9878,-5.2035,7.7309,0.53128,2.5338,145,23.1528,138.151,3.1182,2.5338,2.5338,3.1182
20210715.14,121.804,32.015,5.9878,-4.8103,7.9398,0.56636,2.6461,145,23.3037,139.271,3.1182,2.6461,2.6461,3.1182
20210715.15,121.804,32.015,5.9878,-4.2504,7.8622,0.58897,2.7529,155,23.4445,140.174,3.4282,2.7529,2.7529,3.4282
20210715.16,121.804,32.015,5.9878,-3.4746,7.9463,0.59897,2.8438,155,23.6622,140.606,3.4282,2.8438,2.8438,3.4282
20210715.17,121.804,32.015,5.9878,-3.0844,7.8371,0.60417,2.9126,145,23.8832,141.208,3.4282,2.9126,2.9126,3.4282
20210715.18,121.804,32.015,5.9878,-2.9176,7.5528,0.60138,2.9591,145,24.038,141.677,3.769,2.9591,2.9591,3.769
20210715.19,121.804,32.015,5.9878,-3.1616,7.6131,0.60638,2.9615,145,24.0613,142.008,3.769,2.9615,2.9615,3.769
20210715.2,121.804,32.015,5.9878,-3.2154,7.7774,0.60815,2.95,145,24.213,141.955,3.769,2.95,2.95,3.769
20210715.21,121.804,32.015,5.9878,-3.1064,7.5267,0.59184,2.9354,145,24.4336,141.822,3.769,2.9354,2.9354,3.769
20210715.22,121.804,32.015,5.9878,-2.5991,6.7051,0.55132,2.9089,145,24.7743,141.605,3.769,2.9089,2.9089,3.769
20210715.23,121.804,32.015,5.9878,-3.5449,6.2888,0.53937,2.8399,145,24.0238,141.503,3.769,2.8399,2.8399,3.769
20210716,121.804,32.015,5.9878,-3.9849,6.1165,0.5322,2.7921,145,23.2438,141.404,3.769,2.7921,2.7921,3.769
20210716.01,121.804,32.015,5.9878,-4.2677,6.4207,0.53767,2.7549,145,22.68,141.019,3.769,2.7549,2.7549,3.769
20210716.02,121.804,32.015,5.9878,-4.2711,6.4825,0.53875,2.7416,145,22.3848,140.75,3.4282,2.7416,2.7416,3.4282
20210716.03,121.804,32.015,5.9878,-4.3834,6.2621,0.53598,2.7364,145,22.2181,140.82,3.4282,2.7364,2.7364,3.4282
20210716.04,121.804,32.015,5.9878,-4.5757,6.0546,0.53473,2.734,145,21.9848,141.211,3.4282,2.734,2.734,3.4282
20210716.05,121.804,32.015,5.9878,-4.5386,6.0258,0.53267,2.7371,145,22.0335,141.42,3.4282,2.7371,2.7371,3.4282
20210716.06,121.804,32.015,5.9878,-4.8823,5.6805,0.53154,2.7322,145,21.9826,142.156,3.4282,2.7322,2.7322,3.4282
20210716.07,121.804,32.015,5.9878,-5.2463,5.5872,0.54027,2.7461,145,21.8642,143.09,3.4282,2.7461,2.7461,3.4282
20210716.08,121.804,32.015,5.9878,-5.3185,5.7568,0.55022,2.7601,145,22.0105,143.8,3.4282,2.7601,2.7601,3.4282
20210716.09,121.804,32.015,5.9878,-4.9279,5.7841,0.54535,2.7834,145,22.3789,144.271,3.4282,2.7834,2.7834,3.4282
20210716.1,121.804,32.015,5.9878,-3.4158,6.4479,0.52113,2.7833,145,23.3487,143.526,3.4282,2.7833,2.7833,3.4282
20210716.11,121.804,32.015,5.9878,-3.0837,5.4214,0.48656,2.7738,135,24.0979,143.969,3.4282,2.7738,2.7738,3.4282
20210716.12,121.804,32.015,5.9878,-3.5096,5.0835,0.46957,2.7183,135,24.265,144.725,3.4282,2.7183,2.7183,3.4282
20210716.13,121.804,32.015,5.9878,-4.2757,5.0527,0.47394,2.6575,135,23.9128,145.338,3.4282,2.6575,2.6575,3.4282
20210716.14,121.804,32.015,5.9878,-4.4517,4.9856,0.47149,2.621,145,23.8906,145.849,3.4282,2.621,2.621,3.4282
20210716.15,121.804,32.015,5.9878,-4.6283,5.2679,0.47963,2.5987,145,23.8587,145.805,3.4282,2.5987,2.5987,3.4282
20210716.16,121.804,32.015,5.9878,-5.0565,5.5318,0.49681,2.608,145,23.6848,146.088,3.4282,2.608,2.608,3.4282
20210716.17,121.804,32.015,5.9878,-5.5971,5.9038,0.52842,2.6444,145,23.4707,146.522,3.4282,2.6444,2.6444,3.4282
20210716.18,121.804,32.015,5.9878,-5.826,6.3611,0.56038,2.698,155,23.536,147.048,3.4282,2.698,2.698,3.4282
20210716.19,121.804,32.015,5.9878,-5.8205,6.7305,0.59048,2.7675,155,23.718,147.571,3.4282,2.7675,2.7675,3.4282
20210716.2,121.804,32.015,5.9878,-5.2134,6.7574,0.59623,2.8395,155,24.1982,148.151,3.4282,2.8395,2.8395,3.4282
20210716.21,121.804,32.015,5.9878,-4.168,6.6521,0.58267,2.906,145,24.8721,148.447,3.4282,2.906,2.906,3.4282
20210716.22,121.804,32.015,5.9878,-3.3292,6.0457,0.55709,2.9551,145,25.6291,149.382,3.4282,2.9551,2.9551,3.4282
20210716.23,121.804,32.015,5.9878,-3.0397,5.4913,0.53678,2.9855,135,26.1245,150.533,3.4282,2.9855,2.9855,3.4282
20210717,121.804,32.015,5.9878,-3.5424,5.1989,0.52395,2.9527,145,26.2128,151.863,4.1436,2.9527,2.9527,4.1436
20210717.01,121.804,32.015,5.9878,-4.3497,4.9505,0.52082,2.8938,165,26.0165,152.537,4.1436,2.8938,2.8938,4.1436
20210717.02,121.804,32.015,5.9878,-4.8565,4.9502,0.52079,2.808,165,25.7954,152.515,3.4282,2.808,2.808,3.4282
20210717.03,121.804,32.015,5.9878,-4.8722,4.7678,0.51002,2.7574,165,25.7771,152.257,3.4282,2.7574,2.7574,3.4282
20210717.04,121.804,32.015,5.9878,-5.6047,4.4086,0.51208,2.6984,165,25.1693,152.312,3.4282,2.6984,2.6984,3.4282
20210717.05,121.804,32.015,5.9878,-6.2349,4.3331,0.5252,2.694,165,24.5586,152.673,3.4282,2.694,2.694,3.4282
20210717.06,121.804,32.015,5.9878,-6.3251,4.5799,0.53998,2.7026,165,24.2696,153.063,3.4282,2.7026,2.7026,3.4282
20210717.07,121.804,32.015,5.9878,-5.2686,4.8103,0.52214,2.7394,165,24.7613,153.165,3.4282,2.7394,2.7394,3.4282
20210717.08,121.804,32.015,5.9878,-4.8767,4.586,0.50138,2.7498,165,25.2882,153.616,3.4282,2.7498,2.7498,3.4282
20210717.09,121.804,32.015,5.9878,-4.6834,4.4523,0.48573,2.7406,165,25.6333,154.05,3.4282,2.7406,2.7406,3.4282
20210717.1,121.804,32.015,5.9878,-4.6051,3.3027,0.45468,2.7192,175,25.7762,155.875,3.4282,2.7192,2.7192,3.4282
20210717.11,121.804,32.015,5.9878,-4.8286,2.9998,0.43525,2.6551,175,25.3545,157.315,3.4282,2.6551,2.6551,3.4282
20210717.12,121.804,32.015,5.9878,-5.1853,2.9544,0.43105,2.5708,175,24.906,157.71,3.4282,2.5708,2.5708,3.4282
20210717.13,121.804,32.015,5.9878,-5.5784,3.0117,0.43673,2.5097,175,24.6608,157.71,3.1182,2.5097,2.5097,3.1182
20210717.14,121.804,32.015,5.9878,-5.7839,2.9477,0.44257,2.4962,175,24.4597,158.159,3.1182,2.4962,2.4962,3.1182
20210717.15,121.804,32.015,5.9878,-5.5899,3.1717,0.44331,2.503,175,24.5097,158.39,3.1182,2.503,2.503,3.1182
20210717.16,121.804,32.015,5.9878,-5.2863,3.3554,0.44156,2.5273,175,24.5813,158.623,3.1182,2.5273,2.5273,3.1182
20210717.17,121.804,32.015,5.9878,-4.9748,3.5578,0.43535,2.5362,175,25.0546,158.757,3.1182,2.5362,2.5362,3.1182
20210717.18,121.804,32.015,5.9878,-4.2718,3.7527,0.4193,2.5581,175,25.7165,158.779,3.1182,2.5581,2.5581,3.1182
20210717.19,121.804,32.015,5.9878,-3.7728,3.5951,0.39679,2.541,175,26.4558,159.231,3.1182,2.541,2.541,3.1182
20210717.2,121.804,32.015,5.9878,-3.7979,3.3208,0.38096,2.5092,175,26.6147,159.544,3.1182,2.5092,2.5092,3.1182
20210717.21,121.804,32.015,5.9878,-3.6915,3.0781,0.36225,2.4469,175,26.7443,159.912,3.1182,2.4469,2.4469,3.1182
20210717.22,121.804,32.015,5.9878,-3.0987,2.6011,0.33261,2.4219,175,26.8058,160.884,3.1182,2.4219,2.4219,3.1182
20210717.23,121.804,32.015,5.9878,-3.8316,2.0239,0.31559,2.3038,175,26.1543,161.67,3.1182,2.3038,2.3038,3.1182
20210718,121.804,32.015,5.9878,-4.2646,1.84,0.30708,2.1708,175,25.576,162.038,3.1182,2.1708,2.1708,3.1182
20210718.01,121.804,32.015,5.9878,-4.0119,1.9941,0.29488,2.0925,175,25.6417,161.834,3.1182,2.0925,2.0925,3.1182
20210718.02,121.804,32.015,5.9878,-3.8116,1.8971,0.278,2.0192,175,26.099,161.805,2.8363,2.0192,2.0192,2.8363
20210718.03,121.804,32.015,5.9878,-3.7268,1.6154,0.26149,1.9657,175,26.2988,162.087,2.8363,1.9657,1.9657,2.8363
20210718.04,121.804,32.015,5.9878,-3.7782,1.203,0.24747,1.9114,175,26.3623,163.291,2.5798,1.9114,1.9114,2.5798
20210718.05,121.804,32.015,5.9878,-3.8763,0.9389,0.2379,1.8562,175,26.4528,164.69,2.5798,1.8562,1.8562,2.5798
20210718.06,121.804,32.015,5.9878,-4.384,0.8742,0.24221,1.8069,175,26.0731,165.887,2.3465,1.8069,1.8069,2.3465
20210718.07,121.804,32.015,5.9878,-5.1301,0.8369,0.26,1.8201,175,25.6833,167.078,2.3465,1.8201,1.8201,2.3465
20210718.08,121.804,32.015,5.9878,-5.813,0.7705,0.28398,1.8617,175,25.6206,168.053,2.3465,1.8617,1.8617,2.3465
20210718.09,121.804,32.015,5.9878,-6.1491,1.1706,0.30807,1.9368,175,25.5414,167.946,2.3465,1.9368,1.9368,2.3465
20210718.1,121.804,32.015,5.9878,-5.8942,1.769,0.32523,2.0138,175,25.5377,167.23,2.5798,2.0138,2.0138,2.5798
20210718.11,121.804,32.015,5.9878,-5.644,2.2072,0.34014,2.0945,175,25.6737,165.987,2.5798,2.0945,2.0945,2.5798
20210718.12,121.804,32.015,5.9878,-4.7952,2.8904,0.34431,2.1776,155,26.0846,164.296,2.5798,2.1776,2.1776,2.5798
20210718.13,121.804,32.015,5.9878,-3.9991,3.342,0.34149,2.2429,145,26.9075,162.341,2.5798,2.2429,2.2429,2.5798
20210718.14,121.804,32.015,5.9878,-3.3283,3.4329,0.33282,2.2953,145,27.7969,161.419,2.8363,2.2953,2.2953,2.8363
20210718.15,121.804,32.015,5.9878,-3.0384,3.0772,0.32074,2.3216,145,28.246,161.226,3.1182,2.3216,2.3216,3.1182
20210718.16,121.804,32.015,5.9878,-3.3233,2.6169,0.31048,2.3057,145,27.9385,161.613,3.1182,2.3057,2.3057,3.1182
20210718.17,121.804,32.015,5.9878,-3.3321,2.6265,0.29976,2.2648,175,27.5624,161.364,3.1182,2.2648,2.2648,3.1182
20210718.18,121.804,32.015,5.9878,-3.6338,2.5128,0.293,2.1816,175,27.0533,160.765,3.1182,2.1816,2.1816,3.1182
20210718.19,121.804,32.015,5.9878,-4.2195,2.4933,0.29965,2.0998,175,26.0957,159.675,2.8363,2.0998,2.0998,2.8363
20210718.2,121.804,32.015,5.9878,-4.5446,2.6817,0.31121,2.0708,175,25.6222,158.695,2.8363,2.0708,2.0708,2.8363
20210718.21,121.804,32.015,5.9878,-4.4179,2.6217,0.31245,2.0772,175,25.4322,158.597,2.8363,2.0772,2.0772,2.8363
20210718.22,121.804,32.015,5.9878,-3.5574,2.6962,0.29433,2.102,175,26.0635,158.677,2.8363,2.102,2.102,2.8363
20210718.23,121.804,32.015,5.9878,-4.0194,2.1203,0.29195,2.0887,175,25.7409,159.854,2.8363,2.0887,2.0887,2.8363
20210719,121.804,32.015,5.9878,-4.1763,2.008,0.29405,2.0826,175,25.5397,161.033,2.8363,2.0826,2.0826,2.8363
20210719.01,121.804,32.015,5.9878,-4.1774,1.9304,0.29299,2.0881,175,25.3968,162.243,2.8363,2.0881,2.0881,2.8363
20210719.02,121.804,32.015,5.9878,-4.4601,1.877,0.30078,2.0786,175,25.2367,162.873,2.8363,2.0786,2.0786,2.8363
20210719.03,121.804,32.015,5.9878,-4.99,1.665,0.31531,2.0927,175,24.8038,163.961,2.8363,2.0927,2.0927,2.8363
20210719.04,121.804,32.015,5.9878,-5.454,1.6882,0.33795,2.1277,175,24.4076,164.847,2.8363,2.1277,2.1277,2.8363
20210719.05,121.804,32.015,5.9878,-5.4061,2.2182,0.35315,2.1956,175,24.3665,164.734,2.8363,2.1956,2.1956,2.8363
20210719.06,121.804,32.015,5.9878,-5.1853,2.6657,0.36273,2.2526,175,24.5947,164.208,2.8363,2.2526,2.2526,2.8363
20210719.07,121.804,32.015,5.9878,-5.0743,3.1743,0.37345,2.2993,175,25.0271,163.127,2.8363,2.2993,2.2993,2.8363
20210719.08,121.804,32.015,5.9878,-4.8856,3.4615,0.37966,2.3286,175,25.6634,162.047,2.8363,2.3286,2.3286,2.8363
20210719.09,121.804,32.015,5.9878,-4.6299,3.3122,0.37688,2.3487,175,26.221,161.768,2.8363,2.3487,2.3487,2.8363
20210719.1,121.804,32.015,5.9878,-3.9809,2.9333,0.35883,2.3605,175,26.8486,162.315,3.1182,2.3605,2.3605,3.1182
20210719.11,121.804,32.015,5.9878,-4.5113,2.7389,0.36037,2.3395,175,26.5011,162.191,3.1182,2.3395,2.3395,3.1182
20210719.12,121.804,32.015,5.9878,-5.4047,3.5642,0.39172,2.3221,175,25.9259,160.54,3.1182,2.3221,2.3221,3.1182
20210719.13,121.804,32.015,5.9878,-5.0177,3.6456,0.40004,2.3604,175,26.1008,159.893,3.1182,2.3604,2.3604,3.1182
20210719.14,121.804,32.015,5.9878,-4.8506,3.4013,0.40126,2.3829,175,26.3181,160.209,3.1182,2.3829,2.3829,3.1182
20210719.15,121.804,32.015,5.9878,-4.8128,3.377,0.40643,2.4219,175,26.3716,160.601,3.1182,2.4219,2.4219,3.1182
20210719.16,121.804,32.015,5.9878,-5.1296,3.4947,0.4234,2.4593,175,26.2492,161.004,3.1182,2.4593,2.4593,3.1182
20210719.17,121.804,32.015,5.9878,-5.1479,3.684,0.43857,2.5073,175,26.3404,161.268,3.1182,2.5073,2.5073,3.1182
20210719.18,121.804,32.015,5.9878,-5.3784,3.7038,0.45537,2.5554,175,26.3316,161.775,3.1182,2.5554,2.5554,3.1182
20210719.19,121.804,32.015,5.9878,-5.4372,3.3553,0.46507,2.6062,175,26.1986,162.853,3.4282,2.6062,2.6062,3.4282
20210719.2,121.804,32.015,5.9878,-5.7378,3.0754,0.47891,2.6477,175,25.8559,163.985,3.4282,2.6477,2.6477,3.4282
20210719.21,121.804,32.015,5.9878,-6.2469,2.7675,0.49924,2.6825,175,25.3215,165.165,3.4282,2.6825,2.6825,3.4282
20210719.22,121.804,32.015,5.9878,-5.9828,1.8918,0.49957,2.7323,175,24.8603,167.598,3.4282,2.7323,2.7323,3.4282
20210719.23,121.804,32.015,5.9878,-6.7655,2.1171,0.526,2.7673,175,24.138,168.927,3.4282,2.7673,2.7673,3.4282
20210720,121.804,32.015,5.9878,-6.7323,2.7361,0.54884,2.8299,175,24.0314,169.386,3.4282,2.8299,2.8299,3.4282
20210720.01,121.804,32.015,5.9878,-6.527,3.128,0.56092,2.8937,175,24.175,169.661,3.769,2.8937,2.8937,3.769
20210720.02,121.804,32.015,5.9878,-6.4898,3.1137,0.57067,2.9437,175,24.2249,169.94,3.769,2.9437,2.9437,3.769
20210720.03,121.804,32.015,5.9878,-6.3135,2.697,0.56968,2.9844,175,24.1197,170.705,3.769,2.9844,2.9844,3.769
20210720.04,121.804,32.015,5.9878,-6.4021,2.462,0.57128,2.9981,175,23.9055,171.201,3.769,2.9981,2.9981,3.769
20210720.05,121.804,32.015,5.9878,-6.8113,2.4275,0.58097,2.9955,175,23.6241,171.432,3.769,2.9955,2.9955,3.769
20210720.06,121.804,32.015,5.9878,-7.1693,2.2987,0.59493,2.9907,175,23.3994,171.561,3.769,2.9907,2.9907,3.769
20210720.07,121.804,32.015,5.9878,-7.2393,2.1086,0.60264,3.0067,175,23.1527,172.044,3.769,3.0067,3.0067,3.769
20210720.08,121.804,32.015,5.9878,-7.1781,2.0365,0.60774,3.0226,175,23.0147,172.389,3.769,3.0226,3.0226,3.769
20210720.09,121.804,32.015,5.9878,-7.0393,1.962,0.60763,3.0514,175,22.8084,172.858,3.769,3.0514,3.0514,3.769
20210720.1,121.804,32.015,5.9878,-6.8708,1.6244,0.60424,3.0749,175,22.5885,173.525,3.769,3.0749,3.0749,3.769
20210720.11,121.804,32.015,5.9878,-7.4306,1.7784,0.62245,3.0843,175,22.3069,173.627,3.769,3.0843,3.0843,3.769
20210720.12,121.804,32.015,5.9878,-7.3553,1.9949,0.63588,3.1166,175,22.2273,173.755,3.769,3.1166,3.1166,3.769
20210720.13,121.804,32.015,5.9878,-7.3729,2.0531,0.64548,3.1535,175,22.1739,173.875,3.769,3.1535,3.1535,3.769
20210720.14,121.804,32.015,5.9878,-7.0825,2.0827,0.64619,3.1876,175,22.1436,174.206,3.769,3.1876,3.1876,3.769
20210720.15,121.804,32.015,5.9878,-6.9561,1.8847,0.6416,3.2135,175,22.1188,174.53,3.769,3.2135,3.2135,3.769
20210720.16,121.804,32.015,5.9878,-7.5535,1.9826,0.65835,3.1975,175,22.0791,174.348,3.769,3.1975,3.1975,3.769
20210720.17,121.804,32.015,5.9878,-7.8923,2.244,0.6814,3.206,175,22.0576,173.947,3.769,3.206,3.206,3.769
20210720.18,121.804,32.015,5.9878,-7.465,2.2335,0.6815,3.242,175,22.1031,174.167,3.769,3.242,3.242,3.769
20210720.19,121.804,32.015,5.9878,-6.5654,1.8253,0.65598,3.2875,175,22.2387,174.842,4.1436,3.2875,3.2875,4.1436
20210720.2,121.804,32.015,5.9878,-5.9244,1.1185,0.62126,3.3289,175,21.978,176.07,4.1436,3.3289,3.3289,4.1436
20210720.21,121.804,32.015,5.9878,-5.7038,0.1995,0.5903,3.3484,175,21.5655,177.344,4.1436,3.3484,3.3484,4.1436
20210720.22,121.804,32.015,5.9878,-4.992,-0.3221,0.556,3.3737,185,21.2289,178.394,4.1436,3.3737,3.3737,4.1436
20210720.23,121.804,32.015,5.9878,-5.541,-1.1378,0.53499,3.2683,175,21.0921,179.454,4.1436,3.2683,3.2683,4.1436
20210721,121.804,32.015,5.9878,-5.9409,-1.4879,0.52439,3.087,175,21.3142,180.561,3.769,3.087,3.087,3.769
20210721.01,121.804,32.015,5.9878,-6.1823,-1.0355,0.52057,2.9214,175,22.0465,181.404,3.769,2.9214,2.9214,3.769
20210721.02,121.804,32.015,5.9878,-6.1209,-1.0323,0.514,2.8319,175,22.94,182.169,3.769,2.8319,2.8319,3.769
20210721.03,121.804,32.015,5.9878,-5.8019,-1.5577,0.50069,2.7886,175,23.7579,183.505,3.4282,2.7886,2.7886,3.4282
20210721.04,121.804,32.015,5.9878,-5.4437,-1.9924,0.48638,2.7721,175,24.666,185.19,3.4282,2.7721,2.7721,3.4282
20210721.05,121.804,32.015,5.9878,-5.3084,-2.3453,0.47523,2.7466,175,25.4305,187.031,3.4282,2.7466,2.7466,3.4282
20210721.06,121.804,32.015,5.9878,-5.006,-2.8884,0.46863,2.725,175,26.436,189.246,3.4282,2.725,2.725,3.4282
20210721.07,121.804,32.015,5.9878,-4.6902,-3.351,0.46542,2.7188,175,27.3702,191.849,3.4282,2.7188,2.7188,3.4282
20210721.08,121.804,32.015,5.9878,-4.5536,-3.7359,0.47314,2.7238,175,28.2129,194.482,3.4282,2.7238,2.7238,3.4282
20210721.09,121.804,32.015,5.9878,-4.8172,-3.9659,0.49663,2.7523,185,28.5429,196.698,3.1182,2.7523,2.7523,3.1182
20210721.1,121.804,32.015,5.9878,-4.6046,-2.9225,0.51101,2.865,185,28.1421,196.35,3.1182,2.865,2.865,3.1182
20210721.11,121.804,32.015,5.9878,-5.786,-2.7547,0.54282,2.891,185,27.6787,196.071,3.1182,2.891,2.891,3.1182
20210721.12,121.804,32.015,5.9878,-6.457,-2.0049,0.57732,2.9298,185,26.9638,194.617,3.1182,2.9298,2.9298,3.1182
20210721.13,121.804,32.015,5.9878,-6.8178,-1.469,0.60752,2.9962,185,26.3641,192.636,3.1182,2.9962,2.9962,3.1182
20210721.14,121.804,32.015,5.9878,-7.1479,-1.19,0.63676,3.0548,185,25.7847,190.611,3.1182,3.0548,3.0548,3.1182
20210721.15,121.804,32.015,5.9878,-7.0879,-1.183,0.65707,3.1383,175,25.4034,188.986,3.4282,3.1383,3.1383,3.4282
20210721.16,121.804,32.015,5.9878,-6.9473,-1.2707,0.67223,3.2205,185,24.9168,187.775,3.4282,3.2205,3.2205,3.4282
20210721.17,121.804,32.015,5.9878,-7.1121,-1.139,0.68904,3.2873,185,24.3476,186.662,3.4282,3.2873,3.2873,3.4282
20210721.18,121.804,32.015,5.9878,-7.3139,-1.0046,0.70639,3.3412,185,23.8166,185.781,3.4282,3.3412,3.3412,3.4282
20210721.19,121.804,32.015,5.9878,-7.1986,-1.1632,0.71697,3.3968,185,23.4509,185.473,3.769,3.3968,3.3968,3.769
20210721.2,121.804,32.015,5.9878,-7.0533,-1.5062,0.72196,3.4522,185,23.0699,185.651,3.769,3.4522,3.4522,3.769
20210721.21,121.804,32.015,5.9878,-6.9887,-1.9527,0.72726,3.4866,185,22.9239,186.111,3.769,3.4866,3.4866,3.769
20210721.22,121.804,32.015,5.9878,-6.6207,-2.3027,0.72353,3.5264,185,22.8952,186.907,3.769,3.5264,3.5264,3.769
20210721.23,121.804,32.015,5.9878,-7.1708,-2.3428,0.73392,3.5102,185,22.9393,187.449,3.769,3.5102,3.5102,3.769
20210722,121.804,32.015,5.9878,-7.8606,-2.0669,0.76123,3.4732,185,22.9308,187.49,3.769,3.4732,3.4732,3.769
20210722.01,121.804,32.015,5.9878,-7.7552,-1.9803,0.77883,3.4955,185,22.9798,187.618,3.769,3.4955,3.4955,3.769
20210722.02,121.804,32.015,5.9878,-7.5366,-2.3445,0.78516,3.5437,185,23.0934,187.965,3.769,3.5437,3.5437,3.769
20210722.03,121.804,32.015,5.9878,-7.8819,-2.1287,0.80161,3.5589,185,23.1468,188.068,3.769,3.5589,3.5589,3.769
20210722.04,121.804,32.015,5.9878,-7.8888,-1.7348,0.81065,3.5907,185,23.135,187.842,3.769,3.5907,3.5907,3.769
20210722.05,121.804,32.015,5.9878,-7.3407,-1.7557,0.80252,3.6368,185,23.1591,188.127,3.769,3.6368,3.6368,3.769
20210722.06,121.804,32.015,5.9878,-7.1176,-1.7382,0.7891,3.6693,185,23.1512,188.359,6.6554,3.6693,3.6693,6.6554
20210722.07,121.804,32.015,5.9878,-7.084,-1.7209,0.78136,3.6634,185,23.0548,188.6,6.6554,3.6634,3.6634,6.6554
20210722.08,121.804,32.015,5.9878,-7.2247,-1.6594,0.77697,3.6465,185,23.0509,188.596,6.6554,3.6465,3.6465,6.6554
20210722.09,121.804,32.015,5.9878,-7.2977,-1.7807,0.77816,3.6235,185,22.9378,188.612,6.6554,3.6235,3.6235,6.6554
20210722.1,121.804,32.015,5.9878,-7.733,-1.5519,0.79193,3.5938,185,22.961,188.186,6.6554,3.5938,3.5938,6.6554
20210722.11,121.804,32.015,5.9878,-7.6558,-0.8278,0.80194,3.6076,185,22.805,187.37,6.6554,3.6076,3.6076,6.6554
20210722.12,121.804,32.015,5.9878,-7.245,-0.8643,0.79952,3.6572,185,22.6806,186.878,6.6554,3.6572,3.6572,6.6554
20210722.13,121.804,32.015,5.9878,-7.5754,-0.7482,0.80719,3.6705,185,22.4226,186.257,6.6554,3.6705,3.6705,6.6554
20210722.14,121.804,32.015,5.9878,-7.4058,-0.8772,0.81022,3.7033,185,22.245,185.89,6.6554,3.7033,3.7033,6.6554
20210722.15,121.804,32.015,5.9878,-7.4792,-0.9128,0.81264,3.7198,185,22.0565,185.742,6.6554,3.7198,3.7198,6.6554
20210722.16,121.804,32.015,5.9878,-7.6046,-1.032,0.81735,3.7263,185,21.9792,185.607,6.6554,3.7263,3.7263,6.6554
20210722.17,121.804,32.015,5.9878,-7.6246,-1.2672,0.82144,3.7292,185,21.8572,185.814,6.6554,3.7292,3.7292,6.6554
20210722.18,121.804,32.015,5.9878,-7.6247,-1.6634,0.82412,3.7356,185,21.8862,186.076,6.6554,3.7356,3.7356,6.6554
20210722.19,121.804,32.015,5.9878,-7.736,-1.994,0.83161,3.7296,185,21.912,186.497,6.6554,3.7296,3.7296,6.6554
20210722.2,121.804,32.015,5.9878,-8.0093,-2.1465,0.84497,3.7232,185,22.0371,186.759,6.6554,3.7232,3.7232,6.6554
20210722.21,121.804,32.015,5.9878,-7.9064,-2.5194,0.85609,3.7306,185,22.146,187.272,4.1436,3.7306,3.7306,4.1436
20210722.22,121.804,32.015,5.9878,-7.5675,-2.4995,0.8565,3.7621,185,22.3199,187.766,4.1436,3.7621,3.7621,4.1436
20210722.23,121.804,32.015,5.9878,-8.253,-2.7981,0.87465,3.7517,185,22.4186,187.994,4.1436,3.7517,3.7517,4.1436
20210723,121.804,32.015,5.9878,-8.8725,-2.9382,0.90648,3.7366,185,22.6196,188.196,4.1436,3.7366,3.7366,4.1436
20210723.01,121.804,32.015,5.9878,-8.4003,-3.5143,0.9207,3.7749,185,22.8435,189.016,4.1436,3.7749,3.7749,4.1436
20210723.02,121.804,32.015,5.9878,-7.8569,-3.7333,0.91735,3.8243,185,23.1423,189.981,4.1436,3.8244,3.8244,4.1436
20210723.03,121.804,32.015,5.9878,-8.1478,-3.3878,0.92027,3.8412,185,23.2278,190.535,4.1436,3.8412,3.8412,4.1436
20210723.04,121.804,32.015,5.9878,-7.9243,-3.1564,0.9158,3.8513,185,23.3983,191.109,4.1436,3.8513,3.8513,4.1436
20210723.05,121.804,32.015,5.9878,-7.414,-3.3515,0.89864,3.8705,185,23.5624,191.827,4.1436,3.8705,3.8705,4.1436
20210723.06,121.804,32.015,5.9878,-7.7597,-3.2323,0.89179,3.8434,185,23.7114,192.368,4.1436,3.8434,3.8434,4.1436
20210723.07,121.804,32.015,5.9878,-7.697,-3.1158,0.88736,3.8218,185,23.7963,192.758,4.1436,3.8218,3.8218,4.1436
20210723.08,121.804,32.015,5.9878,-7.2645,-2.9753,0.87252,3.8234,185,23.8926,193.136,4.1436,3.8234,3.8234,4.1436
20210723.09,121.804,32.015,5.9878,-6.8201,-3.1645,0.85197,3.8327,185,23.9928,193.447,6.6554,3.8327,3.8327,6.6554
20210723.1,121.804,32.015,5.9878,-6.8771,-2.6524,0.83727,3.8192,185,24.0221,193.417,6.6554,3.8192,3.8192,6.6554
20210723.11,121.804,32.015,5.9878,-7.2514,-3.2153,0.83661,3.7713,185,24.0705,193.365,7.3171,3.7713,3.7713,7.3171
20210723.12,121.804,32.015,5.9878,-7.2607,-3.4745,0.84079,3.7346,185,24.1975,193.59,7.3171,3.7346,3.7346,7.3171
20210723.13,121.804,32.015,5.9878,-7.2586,-3.6572,0.84731,3.7227,185,24.3617,193.673,7.3171,3.7227,3.7227,7.3171
20210723.14,121.804,32.015,5.9878,-7.8054,-3.5004,0.86564,3.704,185,24.4053,193.451,7.3171,3.704,3.704,7.3171
20210723.15,121.804,32.015,5.9878,-8.7603,-2.8223,0.89969,3.6943,185,24.3124,192.306,3.769,3.6943,3.6943,3.769
20210723.16,121.804,32.015,5.9878,-8.7033,-2.7286,0.92381,3.731,185,24.133,191.287,3.769,3.731,3.731,3.769
20210723.17,121.804,32.015,5.9878,-8.3429,-3.3548,0.9367,3.7937,185,24.1417,191.073,4.1436,3.7937,3.7937,4.1436
20210723.18,121.804,32.015,5.9878,-8.2116,-4.0654,0.94901,3.8413,185,24.1416,191.314,4.1436,3.8413,3.8413,4.1436
20210723.19,121.804,32.015,5.9878,-8.6583,-4.1965,0.97018,3.859,185,24.1762,191.613,4.1436,3.859,3.859,4.1436
20210723.2,121.804,32.015,5.9878,-9.2049,-4.6243,1.00307,3.8664,185,24.1984,192.194,4.1436,3.8664,3.8664,4.1436
20210723.21,121.804,32.015,5.9878,-9.5667,-4.4277,1.03565,3.8905,185,24.2073,192.473,4.1436,3.8905,3.8905,4.1436
20210723.22,121.804,32.015,5.9878,-9.3108,-3.783,1.05272,3.9577,185,23.9666,192.461,4.1436,3.9577,3.9577,4.1436
20210723.23,121.804,32.015,5.9878,-10.2988,-3.4082,1.08991,3.9904,185,23.842,191.968,4.1436,3.9904,3.9904,4.1436
20210724,121.804,32.015,5.9878,-10.0226,-3.2624,1.11517,4.0577,185,23.5611,191.739,4.5556,4.0577,4.0577,4.5556
20210724.01,121.804,32.015,5.9878,-10.0688,-3.0593,1.13383,4.1246,185,23.2896,191.503,4.5556,4.1246,4.1246,4.5556
20210724.02,121.804,32.015,5.9878,-10.2412,-2.95,1.15755,4.1832,185,22.9577,191.262,4.5556,4.1832,4.1832,4.5556
20210724.03,121.804,32.015,5.9878,-9.6981,-3.0511,1.16189,4.2536,185,22.632,191.364,4.5556,4.2536,4.2536,4.5556
20210724.04,121.804,32.015,5.9878,-8.8309,-3.6352,1.14395,4.3171,185,22.4792,191.972,4.5556,4.3171,4.3171,4.5556
20210724.05,121.804,32.015,5.9878,-9.0587,-4.285,1.13737,4.315,185,22.4728,192.744,4.5556,4.315,4.315,4.5556
20210724.06,121.804,32.015,5.9878,-9.3043,-4.326,1.13812,4.2884,185,22.6222,193.319,4.5556,4.2884,4.2884,4.5556
20210724.07,121.804,32.015,5.9878,-9.2881,-4.8341,1.13983,4.258,185,22.9424,194.268,4.5556,4.258,4.258,4.5556
20210724.08,121.804,32.015,5.9878,-9.6473,-4.9784,1.15183,4.228,185,23.1501,194.941,4.5556,4.228,4.228,4.5556
20210724.09,121.804,32.015,5.9878,-9.6894,-4.5216,1.16435,4.229,185,23.2414,195.25,4.5556,4.229,4.229,4.5556
20210724.1,121.804,32.015,5.9878,-9.0869,-4.7133,1.16209,4.2615,185,23.2605,195.489,4.5556,4.2615,4.2615,4.5556
20210724.11,121.804,32.015,5.9878,-10.3225,-4.9089,1.19419,4.246,185,23.3766,195.471,4.5556,4.246,4.246,4.5556
20210724.12,121.804,32.015,5.9878,-9.9282,-5.27,1.21743,4.2806,185,23.4062,195.675,4.5556,4.2806,4.2806,4.5556
20210724.13,121.804,32.015,5.9878,-9.7791,-5.8912,1.23189,4.3192,185,23.6189,196.274,4.5556,4.3191,4.3191,4.5556
20210724.14,121.804,32.015,5.9878,-9.4638,-6.2473,1.24466,4.3466,185,23.8026,197.034,4.5556,4.3466,4.3466,4.5556
20210724.15,121.804,32.015,5.9878,-9.4887,-6.7038,1.25556,4.3654,185,24.1371,197.961,4.5556,4.3654,4.3654,4.5556
20210724.16,121.804,32.015,5.9878,-9.7394,-7.3406,1.27541,4.3476,185,24.4709,199.094,4.5556,4.3476,4.3476,4.5556
20210724.17,121.804,32.015,5.9878,-9.9347,-8.0559,1.29705,4.3244,195,24.9416,200.553,5.0084,4.3244,4.3244,5.0084
20210724.18,121.804,32.015,5.9878,-10.3346,-8.4145,1.32539,4.2986,195,25.3181,201.836,5.0084,4.2986,4.2986,5.0084
20210724.19,121.804,32.015,5.9878,-10.3893,-9.1156,1.34988,4.2981,195,25.7557,202.996,5.0084,4.2981,4.2981,5.0084
20210724.2,121.804,32.015,5.9878,-10.1881,-9.6611,1.37387,4.3103,195,26.1082,204.164,5.0084,4.3103,4.3103,5.0084
20210724.21,121.804,32.015,5.9878,-10.8753,-10.7149,1.41398,4.3192,195,26.5725,205.289,5.0084,4.3192,4.3192,5.0084
20210724.22,121.804,32.015,5.9878,-12.6499,-9.7658,1.47165,4.3516,195,26.612,205.293,5.0084,4.3516,4.3516,5.0084
20210724.23,121.804,32.015,5.9878,-12.2154,-10.397,1.51574,4.4203,195,26.6705,205.485,5.0084,4.4203,4.4203,5.0084
20210725,121.804,32.015,5.9878,-12.8818,-9.4376,1.5644,4.4947,195,26.5434,205.385,5.0084,4.4947,4.4947,5.0084
20210725.01,121.804,32.015,5.9878,-14.5181,-9.4237,1.63165,4.5564,195,26.4453,204.664,5.0084,4.5564,4.5564,5.0084
20210725.02,121.804,32.015,5.9878,-15.3843,-8.362,1.70151,4.6445,195,26.1957,203.745,5.0084,4.6445,4.6445,5.0084
20210725.03,121.804,32.015,5.9878,-15.4556,-7.2486,1.76203,4.7541,195,25.853,202.757,5.0084,4.7541,4.7541,5.0084
20210725.04,121.804,32.015,5.9878,-15.6988,-6.6568,1.8223,4.8551,195,25.51,202.052,5.0084,4.8551,4.8551,5.0084
20210725.05,121.804,32.015,5.9878,-15.5447,-6.3416,1.87139,4.9692,195,25.0304,201.26,5.5063,4.9692,4.9692,5.5063
20210725.06,121.804,32.015,5.9878,-14.7187,-6.3449,1.91483,5.0813,195,24.5267,200.811,5.5063,5.0813,5.0813,5.5063
20210725.07,121.804,32.015,5.9878,-15.037,-6.2332,1.96136,5.1752,195,24.0038,200.112,5.5063,5.1752,5.1752,5.5063
20210725.08,121.804,32.015,5.9878,-15.2031,-6.8559,2.00674,5.2595,195,23.5333,199.495,5.5063,5.2595,5.2595,5.5063
20210725.09,121.804,32.015,5.9878,-15.3217,-7.3828,2.04733,5.3409,195,23.1143,199.067,5.5063,5.3408,5.3408,5.5063
20210725.1,121.804,32.015,5.9878,-16.3538,-7.0216,2.09485,5.4065,195,22.7967,198.603,6.0537,5.4065,5.4065,6.0537
20210725.11,121.804,32.015,5.9878,-15.796,-7.4514,2.12967,5.4854,195,22.4743,198.381,6.0537,5.4854,5.4854,6.0537
20210725.12,121.804,32.015,5.9878,-16.1196,-7.2708,2.16232,5.557,195,22.1726,198.112,6.0537,5.557,5.557,6.0537
20210725.13,121.804,32.015,5.9878,-17.1212,-5.3737,2.20079,5.6299,195,21.7881,197.417,6.0537,5.6299,5.6299,6.0537
20210725.14,121.804,32.015,5.9878,-16.3822,-4.4934,2.22865,5.7279,195,21.2683,196.645,6.0537,5.7279,5.7279,6.0537
20210725.15,121.804,32.015,5.9878,-15.9489,-3.8362,2.24964,5.8423,195,20.6686,195.93,6.0537,5.8423,5.8423,6.0537
20210725.16,121.804,32.015,5.9878,-15.9299,-2.6246,2.27045,5.9569,195,20.0474,195.199,6.6554,5.9569,5.9569,6.6554
20210725.17,121.804,32.015,5.9878,-16.585,-1.6045,2.29801,6.0536,195,19.5,194.519,6.6554,6.0536,6.0536,6.6554
20210725.18,121.804,32.015,5.9878,-16.742,-0.9479,2.32255,6.1407,195,19.0035,193.969,6.6554,6.1407,6.1407,6.6554
20210725.19,121.804,32.015,5.9878,-16.493,-1.4518,2.33779,6.222,195,18.5717,193.635,6.6554,6.222,6.222,6.6554
20210725.2,121.804,32.015,5.9878,-16.0543,-1.3972,2.34377,6.2958,195,18.2322,193.448,6.6554,6.2958,6.2958,6.6554
20210725.21,121.804,32.015,5.9878,-16.1344,-0.7621,2.34814,6.3545,195,17.9599,193.25,8.8441,6.3545,6.3545,8.8441
20210725.22,121.804,32.015,5.9878,-16.3669,1.4352,2.35374,6.3954,195,17.7525,192.895,8.8441,6.3954,6.3954,8.8441
20210725.23,121.804,32.015,5.9878,-16.1598,1.1356,2.35535,6.4282,195,17.5602,192.55,8.8441,6.4282,6.4282,8.8441
20210726,121.804,32.015,5.9878,-16.3282,1.5856,2.35511,6.4499,195,17.4145,192.211,8.8441,6.4499,6.4499,8.8441
20210726.01,121.804,32.015,5.9878,-16.3592,2.3582,2.35804,6.4581,195,17.3149,191.858,8.8441,6.4581,6.4581,8.8441
20210726.02,121.804,32.015,5.9878,-16.1722,3.3514,2.36134,6.47,195,17.2464,191.507,8.8441,6.47,6.47,8.8441
20210726.03,121.804,32.015,5.9878,-15.6326,4.6968,2.36552,6.4979,195,17.1767,191.166,8.8441,6.4979,6.4979,8.8441
20210726.04,121.804,32.015,5.9878,-14.8289,5.2268,2.3651,6.5531,195,17.0751,190.899,8.8441,6.5531,6.5531,8.8441
20210726.05,121.804,32.015,5.9878,-14.4568,5.751,2.36225,6.6154,195,16.9751,190.707,8.8441,6.6154,6.6154,8.8441
20210726.06,121.804,32.015,5.9878,-14.2484,7.0694,2.35565,6.6618,195,16.9519,190.512,8.8441,6.6618,6.6618,8.8441
20210726.07,121.804,32.015,5.9878,-13.4428,7.5163,2.33763,6.69,195,17.0021,190.34,8.8441,6.69,6.69,8.8441
20210726.08,121.804,32.015,5.9878,-12.7798,6.6791,2.306,6.6972,195,17.0896,190.228,8.8441,6.6972,6.6972,8.8441
20210726.09,121.804,32.015,5.9878,-13.2249,6.5046,2.27667,6.6589,195,17.2557,189.998,8.8441,6.6589,6.6589,8.8441
20210726.1,121.804,32.015,5.9878,-14.2189,6.0735,2.26524,6.5758,195,17.4466,189.605,8.0444,6.5758,6.5758,8.0444
20210726.11,121.804,32.015,5.9878,-14.5119,6.0865,2.26228,6.4871,195,17.613,189.242,8.0444,6.4871,6.4871,8.0444
20210726.12,121.804,32.015,5.9878,-13.6311,6.0263,2.24872,6.4376,195,17.7157,189.084,8.0444,6.4376,6.4376,8.0444
20210726.13,121.804,32.015,5.9878,-12.5187,5.3154,2.21816,6.4257,195,17.7428,189.169,8.0444,6.4257,6.4257,8.0444
20210726.14,121.804,32.015,5.9878,-12.9899,6.4892,2.19442,6.3916,195,17.8965,189.036,8.0444,6.3916,6.3916,8.0444
20210726.15,121.804,32.015,5.9878,-12.5876,7.2436,2.17,6.3439,195,18.0861,188.756,8.0444,6.3439,6.3439,8.0444
20210726.16,121.804,32.015,5.9878,-12.552,7.3567,2.13904,6.2846,195,18.3209,188.427,8.0444,6.2846,6.2846,8.0444
20210726.17,121.804,32.015,5.9878,-13.2288,7.3619,2.12734,6.1976,195,18.5564,187.92,8.0444,6.1976,6.1976,8.0444
20210726.18,121.804,32.015,5.9878,-13.6334,7.902,2.13171,6.1174,195,18.7743,187.392,8.0444,6.1174,6.1174,8.0444
20210726.19,121.804,32.015,5.9878,-12.5236,8.2872,2.11943,6.0893,195,18.9254,187.186,8.0444,6.0893,6.0893,8.0444
20210726.2,121.804,32.015,5.9878,-11.3568,9.6048,2.09057,6.0854,195,19.1762,187.048,8.0444,6.0854,6.0854,8.0444
20210726.21,121.804,32.015,5.9878,-10.5458,10.4386,2.05789,6.0762,185,19.5232,186.747,8.0444,6.0761,6.0761,8.0444
20210726.22,121.804,32.015,5.9878,-7.7468,11.2234,1.99043,6.1045,195,19.8335,186.737,8.0444,6.1045,6.1045,8.0444
20210726.23,121.804,32.015,5.9878,-9.3835,9.6042,1.93629,6.0619,195,20.2266,186.215,7.3171,6.0619,6.0619,7.3171
20210727,121.804,32.015,5.9878,-10.4548,8.6515,1.89773,5.9629,185,20.5099,185.418,7.3171,5.9629,5.9629,7.3171
20210727.01,121.804,32.015,5.9878,-11.2156,8.0627,1.8734,5.83,185,20.7799,184.525,7.3171,5.83,5.83,7.3171
20210727.02,121.804,32.015,5.9878,-10.9432,7.8129,1.8456,5.7405,185,20.8953,184.002,7.3171,5.7405,5.7405,7.3171
20210727.03,121.804,32.015,5.9878,-10.7976,8.9829,1.83557,5.6571,185,21.1926,183.266,7.3171,5.6571,5.6571,7.3171
20210727.04,121.804,32.015,5.9878,-9.7233,9.088,1.8092,5.6528,185,21.3444,183.163,7.3171,5.6528,5.6528,7.3171
20210727.05,121.804,32.015,5.9878,-9.1452,9.1748,1.78371,5.6534,185,21.5902,183.145,7.3171,5.6534,5.6534,7.3171
20210727.06,121.804,32.015,5.9878,-9.7639,9.522,1.78247,5.6329,185,21.8373,182.88,7.3171,5.6329,5.6329,7.3171
20210727.07,121.804,32.015,5.9878,-10.1515,8.1491,1.77358,5.6226,185,21.8306,183.072,7.3171,5.6226,5.6226,7.3171
20210727.08,121.804,32.015,5.9878,-10.4652,7.7082,1.76463,5.5884,185,21.8958,183.099,7.3171,5.5884,5.5884,7.3171
20210727.09,121.804,32.015,5.9878,-10.7476,7.3733,1.75601,5.547,185,21.8633,183.115,7.3171,5.547,5.547,7.3171
20210727.1,121.804,32.015,5.9878,-10.9879,6.7546,1.74995,5.5064,185,21.7858,183.166,7.3171,5.5064,5.5064,7.3171
20210727.11,121.804,32.015,5.9878,-11.1452,6.5692,1.74649,5.4716,185,21.6402,183.271,7.3171,5.4716,5.4716,7.3171
20210727.12,121.804,32.015,5.9878,-11.16,6.8126,1.74688,5.4492,185,21.5618,183.337,7.3171,5.4492,5.4492,7.3171
20210727.13,121.804,32.015,5.9878,-10.5829,7.3125,1.737,5.4474,185,21.5526,183.557,7.3171,5.4474,5.4474,7.3171
20210727.14,121.804,32.015,5.9878,-10.3413,7.5699,1.72444,5.4513,185,21.6777,183.761,7.3171,5.4513,5.4513,7.3171
20210727.15,121.804,32.015,5.9878,-10.2476,7.5869,1.70741,5.4431,185,21.7863,183.963,7.3171,5.4431,5.4431,7.3171
20210727.16,121.804,32.015,5.9878,-10.1271,7.3344,1.68057,5.4249,185,21.9686,184.067,7.3171,5.4249,5.4249,7.3171
20210727.17,121.804,32.015,5.9878,-9.8725,7.3757,1.64563,5.3823,185,22.1728,184.009,6.6554,5.3823,5.3823,6.6554
20210727.18,121.804,32.015,5.9878,-9.4808,7.8271,1.60759,5.331,185,22.5389,183.687,6.6554,5.331,5.331,6.6554
20210727.19,121.804,32.015,5.9878,-9.0407,8.3395,1.5662,5.2673,185,22.9421,183.258,6.6554,5.2673,5.2673,6.6554
20210727.2,121.804,32.015,5.9878,-8.8153,8.2459,1.52546,5.2073,185,23.3528,182.767,6.6554,5.2073,5.2073,6.6554
20210727.21,121.804,32.015,5.9878,-8.7661,8.1097,1.489,5.137,185,23.6516,182.274,6.6554,5.137,5.137,6.6554
20210727.22,121.804,32.015,5.9878,-8.6377,7.3803,1.45048,5.0893,185,23.8202,182.014,6.6554,5.0893,5.0893,6.6554
20210727.23,121.804,32.015,5.9878,-8.2818,7.9351,1.42202,5.0297,185,24.1142,181.56,6.6554,5.0297,5.0297,6.6554
20210728,121.804,32.015,5.9878,-8.2446,7.5767,1.39761,5.0012,185,24.3525,181.491,6.6554,5.0012,5.0012,6.6554
20210728.01,121.804,32.015,5.9878,-8.3769,6.7056,1.37646,4.9785,185,24.3723,181.904,6.6554,4.9785,4.9785,6.6554
20210728.02,121.804,32.015,5.9878,-8.5715,6.8899,1.36786,4.9486,185,24.6515,181.973,6.6554,4.9486,4.9486,6.6554
20210728.03,121.804,32.015,5.9878,-8.2359,7.0582,1.35246,4.9189,185,24.9028,182.178,6.6554,4.9189,4.9189,6.6554
20210728.04,121.804,32.015,5.9878,-7.5903,7.6046,1.32913,4.9043,195,25.3282,182.263,6.6554,4.9043,4.9043,6.6554
20210728.05,121.804,32.015,5.9878,-7.5211,7.7057,1.30895,4.8616,195,25.7486,182.069,6.6554,4.8616,4.8616,6.6554
20210728.06,121.804,32.015,5.9878,-7.6866,7.7384,1.29247,4.8187,195,26.1117,181.731,6.0537,4.8187,4.8187,6.0537
20210728.07,121.804,32.015,5.9878,-7.8041,7.6896,1.27839,4.7596,195,26.4488,181.195,6.0537,4.7596,4.7596,6.0537
20210728.08,121.804,32.015,5.9878,-7.8716,7.0876,1.2552,4.726,195,26.5456,181.127,6.0537,4.726,4.726,6.0537
20210728.09,121.804,32.015,5.9878,-7.1522,7.4877,1.22927,4.6877,195,26.8925,180.789,6.0537,4.6877,4.6877,6.0537
20210728.1,121.804,32.015,5.9878,-6.8937,6.7862,1.19116,4.6806,195,26.9715,181.196,6.0537,4.6806,4.6806,6.0537
20210728.11,121.804,32.015,5.9878,-7.1742,6.5825,1.16938,4.6338,195,27.1576,180.952,6.0537,4.6338,4.6338,6.0537
20210728.12,121.804,32.015,5.9878,-7.065,6.755,1.14862,4.5863,195,27.4021,180.725,6.0537,4.5863,4.5863,6.0537
20210728.13,121.804,32.015,5.9878,-6.4635,7.5453,1.12712,4.5405,195,27.878,180.28,6.0537,4.5405,4.5405,6.0537
20210728.14,121.804,32.015,5.9878,-6.1643,7.4661,1.10389,4.4956,195,28.2946,179.852,6.0537,4.4956,4.4956,6.0537
20210728.15,121.804,32.015,5.9878,-5.6797,7.7832,1.07858,4.46,195,28.6694,179.515,6.0537,4.46,4.46,6.0537
20210728.16,121.804,32.015,5.9878,-5.5983,8.3007,1.06787,4.3874,195,29.2897,178.244,6.0537,4.3874,4.3874,6.0537
20210728.17,121.804,32.015,5.9878,-5.7284,8.3888,1.05991,4.3178,195,29.7256,177.039,6.0537,4.3178,4.3178,6.0537
20210728.18,121.804,32.015,5.9878,-5.7407,8.4599,1.05605,4.2502,195,30.1303,175.653,6.0537,4.2502,4.2502,6.0537
20210728.19,121.804,32.015,5.9878,-5.5073,8.5463,1.0453,4.2073,195,30.4328,174.738,6.0537,4.2073,4.2073,6.0537
20210728.2,121.804,32.015,5.9878,-5.2227,8.5011,1.03153,4.1757,195,30.7132,173.982,6.0537,4.1757,4.1757,6.0537
20210728.21,121.804,32.015,5.9878,-4.6156,8.5026,1.00836,4.1593,195,30.9804,173.7,5.5063,4.1593,4.1593,5.5063
20210728.22,121.804,32.015,5.9878,-4.1183,7.4845,0.96867,4.1769,195,31.0707,174.481,5.5063,4.1769,4.1769,5.5063
20210728.23,121.804,32.015,5.9878,-4.071,7.9656,0.94871,4.1394,195,31.3019,173.981,5.5063,4.1394,4.1394,5.5063
20210729,121.804,32.015,5.9878,-3.7537,8.7181,0.93945,4.0602,195,31.8969,172.58,5.5063,4.0602,4.0602,5.5063
20210729.01,121.804,32.015,5.9878,-3.2897,8.5123,0.91546,4.0297,195,32.2982,172.311,5.5063,4.0297,4.0297,5.5063
20210729.02,121.804,32.015,5.9878,-2.8493,8.5596,0.89702,3.9802,195,32.7936,171.504,5.5063,3.9802,3.9802,5.5063
20210729.03,121.804,32.015,5.9878,-2.781,8.2018,0.87284,3.9501,195,32.8225,171.151,5.5063,3.9501,3.9501,5.5063
20210729.04,121.804,32.015,5.9878,-3.0016,7.8952,0.85433,3.8955,185,32.8433,169.957,5.5063,3.8955,3.8955,5.5063
20210729.05,121.804,32.015,5.9878,-3.0558,7.4564,0.8283,3.8603,185,32.4048,169.265,5.5063,3.8603,3.8603,5.5063
20210729.06,121.804,32.015,5.9878,-2.7408,7.2578,0.79995,3.8264,185,32.1289,168.39,5.5063,3.8264,3.8264,5.5063
20210729.07,121.804,32.015,5.9878,-2.2932,6.8467,0.76411,3.7928,185,31.8895,167.975,5.5063,3.7928,3.7928,5.5063
20210729.08,121.804,32.015,5.9878,-2.279,6.2048,0.72606,3.7715,185,31.4049,167.921,5.5063,3.7715,3.7715,5.5063
20210729.09,121.804,32.015,5.9878,-0.9896,6.3341,0.68411,3.7488,185,31.4722,168.105,5.5063,3.7488,3.7488,5.5063
20210729.1,121.804,32.015,5.9878,-0.2905,5.3862,0.63918,3.7604,185,31.1285,169.255,5.5063,3.7604,3.7604,5.5063
20210729.11,121.804,32.015,5.9878,-0.3435,5.1705,0.60118,3.74,185,30.8605,170.229,5.0084,3.74,3.74,5.0084
20210729.12,121.804,32.015,5.9878,-0.16,5.1891,0.57198,3.6652,185,31.1969,170.509,5.0084,3.6652,3.6652,5.0084
20210729.13,121.804,32.015,5.9878,0.0984,4.8005,0.54573,3.6054,185,31.4,171.184,5.0084,3.6054,3.6054,5.0084
20210729.14,121.804,32.015,5.9878,0.7247,4.2172,0.52091,3.6241,185,31.0946,172.478,5.0084,3.6241,3.6241,5.0084
20210729.15,121.804,32.015,5.9878,1.5821,3.4085,0.49808,3.6595,185,30.5582,173.896,5.0084,3.6595,3.6595,5.0084
20210729.16,121.804,32.015,5.9878,2.422,2.4614,0.47585,3.7224,185,29.7058,175.325,5.0084,3.7224,3.7224,5.0084
20210729.17,121.804,32.015,5.9878,2.9765,1.3641,0.45368,3.8184,185,28.3496,176.723,5.0084,3.8184,3.8184,5.0084
20210729.18,121.804,32.015,5.9878,3.1016,0.6773,0.43265,3.9151,185,26.8873,177.909,5.0084,3.9151,3.9151,5.0084
20210729.19,121.804,32.015,5.9878,3.2194,0.3601,0.41393,3.9592,185,25.9881,178.758,5.0084,3.9592,3.9592,5.0084
20210729.2,121.804,32.015,5.9878,3.2455,0.1483,0.39837,3.9367,185,25.8703,179.313,5.0084,3.9367,3.9367,5.0084
20210729.21,121.804,32.015,5.9878,3.3188,0.1111,0.38676,3.8461,185,26.6909,179.619,5.0084,3.8461,3.8461,5.0084
20210729.22,121.804,32.015,5.9878,2.8612,0.4093,0.37845,3.7389,185,27.8099,179.849,5.0084,3.7389,3.7389,5.0084
20210729.23,121.804,32.015,5.9878,2.7511,0.4583,0.37273,3.5961,185,29.6608,179.986,5.0084,3.5961,3.5961,5.0084
20210730,121.804,32.015,5.9878,2.7361,0.3473,0.36832,3.4259,185,32.3002,180.012,5.0084,3.4259,3.4259,5.0084
20210730.01,121.804,32.015,5.9878,2.5731,0.6671,0.36381,3.2654,185,35.3308,179.934,5.0084,3.2654,3.2654,5.0084
20210730.02,121.804,32.015,5.9878,2.4549,0.9703,0.35872,3.1122,185,38.7641,179.827,5.0084,3.1122,3.1122,5.0084
20210730.03,121.804,32.015,5.9878,2.2441,1.2207,0.35135,3.0399,175,41.4882,179.816,5.0084,3.0399,3.0399,5.0084
20210730.04,121.804,32.015,5.9878,1.8437,1.6318,0.34146,3.0182,175,43.2726,179.944,5.0084,3.0182,3.0182,5.0084
20210730.05,121.804,32.015,5.9878,1.4331,1.886,0.32967,3.0055,175,43.9813,179.521,5.0084,3.0055,3.0055,5.0084
20210730.06,121.804,32.015,5.9878,0.9921,1.7446,0.31647,3.0267,175,43.4399,178.977,5.0084,3.0267,3.0267,5.0084
20210730.07,121.804,32.015,5.9878,0.288,1.8975,0.30332,3.0544,175,42.1471,178.334,5.0084,3.0544,3.0544,5.0084
20210730.08,121.804,32.015,5.9878,-0.609,2.284,0.29181,3.0567,175,40.6402,177.412,5.0084,3.0567,3.0567,5.0084
20210730.09,121.804,32.015,5.9878,-1.1993,2.8612,0.28467,2.9304,175,40.3716,175.297,5.0084,2.9304,2.9304,5.0084
20210730.1,121.804,32.015,5.9878,-2.0974,2.6328,0.27873,2.8319,175,39.4767,173.396,5.0084,2.8319,2.8319,5.0084
20210730.11,121.804,32.015,5.9878,-2.1408,3.4448,0.27696,2.6591,175,39.1037,170.324,5.0084,2.6591,2.6591,5.0084
20210730.12,121.804,32.015,5.9878,-1.845,4.0251,0.27908,2.4527,175,39.3427,166.32,5.0084,2.4527,2.4527,5.0084
20210730.13,121.804,32.015,5.9878,-1.2368,4.2929,0.28274,2.3124,175,39.6262,162.176,5.0084,2.3124,2.3124,5.0084
20210730.14,121.804,32.015,5.9878,-0.8731,4.3646,0.28817,2.2015,175,39.7469,158.179,5.0084,2.2015,2.2015,5.0084
20210730.15,121.804,32.015,5.9878,-0.5205,4.3921,0.2951,2.1208,175,39.8956,154.422,5.0084,2.1208,2.1208,5.0084
20210730.16,121.804,32.015,5.9878,-0.4072,3.7734,0.29865,2.0877,175,39.241,152.431,5.0084,2.0877,2.0877,5.0084
20210730.17,121.804,32.015,5.9878,-0.625,3.0129,0.29576,2.1006,175,37.7414,152.535,5.0084,2.1006,2.1006,5.0084
20210730.18,121.804,32.015,5.9878,-0.7076,2.5969,0.28609,2.1485,175,36.2092,153.857,5.0084,2.1485,2.1485,5.0084
20210730.19,121.804,32.015,5.9878,-0.7416,1.7752,0.27208,2.2134,175,34.9203,155.704,4.5556,2.2134,2.2134,4.5556
20210730.2,121.804,32.015,5.9878,-1.1341,0.7828,0.25614,2.2899,175,33.4357,157.92,4.5556,2.2899,2.2899,4.5556
20210730.21,121.804,32.015,5.9878,-1.571,0.0748,0.24006,2.3704,175,31.825,160.3,4.5556,2.3704,2.3704,4.5556
20210730.22,121.804,32.015,5.9878,-1.7629,-0.3215,0.22518,2.4425,175,30.0251,162.831,4.5556,2.4425,2.4425,4.5556
20210730.23,121.804,32.015,5.9878,-1.7481,-1.7481,0.21276,2.5017,175,28.5269,165.243,4.5556,2.5017,2.5017,4.5556
20210731,121.804,32.015,5.9878,-1.8186,-2.5484,0.20416,2.5067,175,27.5989,167.696,4.1436,2.5067,2.5067,4.1436
20210731.01,121.804,32.015,5.9878,-2.837,-2.9682,0.20276,2.3541,175,27.8486,170.598,4.1436,2.3541,2.3541,4.1436
20210731.02,121.804,32.015,5.9878,-3.3076,-2.1277,0.2082,2.1359,175,28.7346,173.335,3.769,2.1359,2.1359,3.769
20210731.03,121.804,32.015,5.9878,-3.4155,-2.0618,0.21822,1.9905,175,29.6185,175.485,3.769,1.9905,1.9905,3.769
20210731.04,121.804,32.015,5.9878,-3.3968,-1.966,0.2274,1.9454,175,30.1944,177.479,3.769,1.9454,1.9454,3.769
20210731.05,121.804,32.015,5.9878,-3.5267,-1.2688,0.23501,1.939,175,29.9194,179.668,3.769,1.939,1.939,3.769
20210731.06,121.804,32.015,5.9878,-3.156,-0.3092,0.23757,1.968,175,29.7384,180.278,3.4282,1.968,1.968,3.4282
20210731.07,121.804,32.015,5.9878,-3.2892,-0.4895,0.23847,1.9778,175,29.1738,181.087,3.4282,1.9778,1.9778,3.4282
20210731.08,121.804,32.015,5.9878,-2.9956,0.1694,0.23539,2.0153,175,28.755,180.902,3.4282,2.0153,2.0153,3.4282
20210731.09,121.804,32.015,5.9878,-2.5267,0.5525,0.22874,2.0692,175,28.6475,180.989,3.4282,2.0692,2.0692,3.4282
20210731.1,121.804,32.015,5.9878,-2.6901,0.4496,0.22483,2.0784,175,28.0283,180.749,3.4282,2.0784,2.0784,3.4282
20210731.11,121.804,32.015,5.9878,-2.9342,1.988,0.22769,2.0203,175,28.1332,177.624,3.4282,2.0203,2.0203,3.4282
20210731.12,121.804,32.015,5.9878,-2.7558,4.2492,0.23487,1.954,175,28.6846,172.549,3.4282,1.954,1.954,3.4282
20210731.13,121.804,32.015,5.9878,-1.7765,5.0408,0.23793,1.9046,175,30.0303,167.545,3.4282,1.9046,1.9046,3.4282
20210731.14,121.804,32.015,5.9878,-0.7664,5.2214,0.23499,1.8847,175,32.2558,162.26,2.1344,1.8847,1.8847,2.1344
20210731.15,121.804,32.015,5.9878,-0.2106,4.9143,0.22809,1.8545,175,34.7004,156.395,2.3465,1.8545,1.8545,2.3465
20210731.16,121.804,32.015,5.9878,-0.1121,4.312,0.22145,1.8205,175,36.4375,150.715,2.3465,1.8205,1.8205,2.3465
20210731.17,121.804,32.015,5.9878,-0.0988,4.0428,0.21663,1.8059,175,36.8913,145.949,2.3465,1.8059,1.8059,2.3465
20210731.18,121.804,32.015,5.9878,-0.3759,3.8275,0.21276,1.793,175,36.1564,142.696,2.3465,1.793,1.793,2.3465
20210731.19,121.804,32.015,5.9878,-0.5699,3.4143,0.20369,1.8167,125,34.7856,141.919,2.5798,1.8167,1.8167,2.5798
20210731.2,121.804,32.015,5.9878,-0.5546,4.0674,0.20986,1.7618,135,33.5292,137.312,2.5798,1.7618,1.7618,2.5798
20210731.21,121.804,32.015,5.9878,-0.348,4.1701,0.215,1.7406,135,32.3794,133.655,2.5798,1.7406,1.7406,2.5798
20210731.22,121.804,32.015,5.9878,0.0501,2.9717,0.20353,1.7852,135,30.6735,134.073,2.8363,1.7852,1.7852,2.8363
20210731.23,121.804,32.015,5.9878,-0.1316,2.4214,0.19014,1.8336,135,28.2677,134.812,2.8363,1.8336,1.8336,2.8363
